1.4759561382234097,0.0031687893220245763,3.9178568367561555e-05,0.9999999996186391,2.761742005844069e-05,0.006337594354223237,7.721544057298508e-05,0.99999999852123,5.4383269880249365e-05,true
1.5759561397135258,0.003169015167258323,1.0717971296755781e-05,0.9999999999714572,7.555498808462394e-06,0.006338033101941585,2.059042745291988e-05,0.9999999998948503,1.4501698289029729e-05,true
1.675956141203642,0.0031690135608844804,2.3664407947295464e-05,0.9999999998608639,1.6681498447978542e-05,0.006337988817802374,4.63318997362051e-05,0.9999999994675862,3.263169586114187e-05,true
1.775956142693758,0.003197524663422568,4.0804130833929165e-05,0.999999999586333,2.8763414090328696e-05,0.006375903445278991,7.97855629037705e-05,0.9999999984211896,5.619271066721983e-05,true
1.8759561441838741,5.423517662088615e-06,1.8411547724203896e-08,0.9999999999999999,1.2985745955840112e-08,5.423517662088615e-06,1.8411547724203896e-08,0.9999999999999999,1.2985745955840112e-08,true
1.9759561456739902,0.003180377561532571,-0.00011451016171638739,0.9999999967421878,-8.071941811935339e-05,0.006351934138084274,-0.00022577536569729303,0.9999999873571633,-0.0001590146949363019,true
2.0759561471641064,2.765314604549797e-06,4.147029952953331e-09,1.0,2.924918548239001e-09,2.765314604549797e-06,4.147029952953331e-09,1.0,2.924918548239001e-09,true
2.1759561486542225,1.6296479137986135e-06,0.0,1.0,0.0,1.6296479137986135e-06,0.0,1.0,0.0,true
2.2759561501443386,0.0031680328171640915,-0.00015515310532900832,0.9999999940191809,-0.00010936927370890376,0.006334404034520735,-0.00030626728939016845,0.9999999767353476,-0.00021570652374423477,true
2.3759561516344547,5.630846419018302e-07,4.515332652135785e-10,1.0,3.1846840692085505e-10,5.630846419018302e-07,4.515332652135785e-10,1.0,3.1846840692085505e-10,true
2.475956153124571,0.0031654812290895402,-0.00016622084258321497,0.9999999931354633,-0.00011717112821132316,0.006330640911828398,-0.0003284345335250776,0.9999999732456243,-0.0002313195855889576,true
2.575956154614687,1.984624948592513e-07,2.6572396575351906e-10,1.0,1.8741628706843327e-10,1.984624948592513e-07,2.6572396575351906e-10,1.0,1.8741628706843327e-10,true
2.675956156104803,0.003168375158787434,-6.769081307099779e-05,0.999999998861589,-4.7716057656996245e-05,0.0063367450312909876,-0.00013366546104786714,0.9999999955686759,-9.414163877371248e-05,true
2.775956157594919,0.003168347409736077,-6.707384861191182e-05,0.9999999988822496,-4.728108480132564e-05,0.0063367130230096175,-0.00013259968222577566,0.9999999956390524,-9.339108732975375e-05,true
2.8759561590850353,0.0031690116145207574,-1.5953870631989874e-05,0.9999999999367637,-1.1246007632405259e-05,0.006338012796784909,-3.1554676984848575e-05,0.9999999997530427,-2.2224189208183368e-05,true
2.9759561605751514,0.003168448258261798,-6.113298359763396e-05,0.9999999990714851,-4.3093269304167876e-05,0.006336920161718076,-0.00012094542864218911,0.9999999963719326,-8.518294879539712e-05,true
3.0759561620652676,0.003169037528982354,-5.6616966261365745e-06,0.9999999999920363,-3.990929674386669e-06,0.00633806894897034,-1.1293352432815477e-05,0.9999999999683666,-7.954041142458113e-06,true
3.1759561635553837,0.0031688962817643523,-2.9733992388684048e-05,0.9999999997803447,-2.0959738721730383e-05,0.006337795731767352,-5.8993785078656696e-05,0.9999999991368007,-4.154995393780102e-05,true
3.2759561650455,0.0031690214855085367,-9.376073964863397e-06,0.9999999999781589,-6.609240400128878e-06,0.006338041790002954,-1.8706207665807138e-05,0.999999999913209,-1.3175052449367923e-05,true
3.375956166535616,0.0031689503200663265,-2.53951691886254e-05,0.9999999998397723,-1.7901266427541267e-05,0.006337891270161353,-5.043239447410107e-05,0.9999999993691605,-3.552012148289095e-05,true
3.475956168025732,0.0031689737070920887,-2.099799908545499e-05,0.9999999998904552,-1.4801673527748239e-05,0.00633794304521524,-4.168003271169584e-05,0.9999999995691209,-2.9355720172492594e-05,true
3.575956169515848,0.003168528359222678,-5.65389917398854e-05,0.999999999205792,-3.9854937897096726e-05,0.0063370800055011205,-0.00011185303931436847,0.9999999968969258,-7.877911238298642e-05,true
3.6759561710059643,0.0031690327634352564,-1.8472663502858137e-06,0.9999999999991522,-1.3021091536337808e-06,0.006338065494827318,-3.7664069105538858e-06,0.9999999999964814,-2.652777083078544e-06,true
3.7759561724960804,0.0032820678988187356,-9.221912720400982e-05,0.9999999978871559,-6.500529441463071e-05,0.006487977142009162,-0.00018150054290081065,0.9999999918298881,-0.00012782888473522478,true
3.8759561739861965,0.14918877795007743,0.0008076957466807464,0.9999998483458091,0.0005507343813645619,0.20103083071774813,0.0011230869543751771,0.999999716462456,0.0007530438284358823,true
3.9759561754763126,0.23612289501452582,0.0010013985702095247,0.999999775831685,0.0006695794051107342,0.3169429792361141,0.0013925216558502208,0.9999995884284626,0.000907272233407073,true
4.075956176966429,0.2958614253477806,0.0010829043411614845,0.9999997444112131,0.0007149667883204447,0.39659430769945914,0.0015194172944679532,0.9999995275644987,0.0009720446385478135,true
4.175956178456545,0.3433079420159272,0.001136872721725551,0.9999997236880992,0.0007433866592782957,0.45985628642600146,0.0016093133359017893,0.9999994843868534,0.001015492997219941,true
4.275956179946661,0.38510237056525887,0.0004905692402587586,0.9999999493069367,0.000318411878058184,0.5155824454320364,0.0007051025370157779,0.9999999030149838,0.00044042028009268544,true
4.375956181436777,0.4241347947064886,-0.00022827131596296483,0.9999999894248944,-0.00014543112126508986,0.5676257491984535,-0.00030357889111643817,0.9999999831037144,-0.00018382755751198654,true
4.475956182926893,0.4616885583209738,-0.0001321573706532006,0.9999999965318482,-8.328447382579473e-05,0.617697434131187,-0.00017350740209609,0.9999999946661322,-0.00010328473058595776,true
4.575956184417009,0.4983523388312315,-0.0002821964389327826,0.9999999843301749,-0.00017703008217765604,0.6665824712141859,-0.00038168047201445266,0.9999999744187301,-0.00022619137714382904,true
4.6759561859071255,0.5344015903707018,-0.0004281363344558162,0.9999999643206248,-0.00026713058439692194,0.7146481272034464,-0.0005901588346402927,0.999999939640705,-0.0003474458034747451,true
4.775956187397242,0.5697205299600627,-0.0004769269688107218,0.9999999564193601,-0.00029523088890343345,0.7612844557910414,-0.0006580720725552527,0.9999999266155013,-0.0003831044140953601,true
4.875956188887358,0.601806698447674,-0.0005021763046451337,0.9999999523835965,-0.00030859812816832577,0.8024089118301613,-0.0006916684331995831,0.9999999205647758,-0.00039858555185442876,true
4.975956190377474,0.6338510758131373,-0.0003804966071834344,0.9999999730686087,-0.0002320835666164428,0.8451347572419845,-0.0005239517202884033,0.9999999553956795,-0.0002986781527317287,true
5.07595619186759,0.6415522507134681,-0.00026749120830108994,0.999999986799848,-0.00016248170255355203,0.8554029977751806,-0.0003640358851354987,0.999999978767991,-0.00020606799286808968,true
5.175956193357706,0.6287458892672206,-3.365047381921298e-05,0.9999999998116206,-1.9410275176203464e-05,0.8383278526975915,-3.3207662457296825e-05,0.9999999998683139,-1.6228749254843374e-05,true
5.275956194847822,0.6066598321426517,-7.241790538624137e-05,0.9999999990629146,-4.3291695341210516e-05,0.8088797772124232,-8.594373884354612e-05,0.9999999989115632,-4.665697721501057e-05,true
5.375956196337938,0.5810254773244115,0.00028527064255065197,0.9999999839311503,0.0001792699055484474,0.7751074648146347,0.00043152099998105176,0.9999999667486359,0.0002578812266175809,true
5.475956197828054,0.5564222655326834,-6.430027228547842e-05,0.9999999992687999,-3.824134279215857e-05,0.7440090442637225,-6.68313739909092e-05,0.9999999993886548,-3.496698917577138e-05,true
5.5759561993181705,0.5378224109267299,-0.00039464363761434194,0.9999999698548522,-0.0002455408208138987,0.7192092289897246,-0.0005373099905997815,0.9999999504658181,-0.0003147512689272953,true
5.675956200808287,0.5397376843269773,-0.0005828091328313161,0.9999999341567771,-0.0003628862652393994,0.7217629107714478,-0.0007994898982210451,0.9999998899614951,-0.0004691236484291325,true
5.775956202298403,0.5581453057586945,-0.0007145247240117176,0.9999999016805107,-0.0004434399271468745,0.7463063871283951,-0.000985869360235095,0.9999998341285886,-0.0005759711756830361,true
5.875956203788519,0.5817206188866728,-0.0007747373615279638,0.999999885748239,-0.00047802040647027054,0.7759611754897402,-0.00106409984198115,0.9999998098893684,-0.0006166208130654537,true
5.975956205278635,0.6094617590850083,-0.0014085164394301883,0.9999996256641432,-0.0008652580964384599,0.8126154905931107,-0.0019543419090296064,0.9999993657777483,-0.0011262522369548434,true
6.075956206768751,0.6157805148082527,-0.0018044260817384953,0.9999993877635431,-0.00110655887274873,0.82104039245202,-0.0025001525803852653,0.9999989674287798,-0.0014370599758544195,true
6.175956208258867,0.6003388323710377,-0.0016937201274219368,0.999999457593332,-0.0010415435861323896,0.8004515412986106,-0.0023371538461580427,0.999999090967758,-0.0013483559091868177,true
6.275956209748983,0.5757750507102831,-0.001648993861843395,0.9999994808239523,-0.0010189954984079904,0.7676998688908757,-0.0022648197939437826,0.9999991348570143,-0.001315403064781785,true
6.3759562112390995,0.5481514056008127,-0.0011740375613279058,0.9999997343862774,-0.0007288534657850541,0.7313278331086779,-0.0015960654364903025,0.9999995653643361,-0.0009323471129351977,true
6.475956212729216,0.5217278102114941,-0.0008118732220699528,0.9999998715300068,-0.0005068924637475638,0.6977497395714318,-0.0011027528976874264,0.9999997893209942,-0.0006491209188633117,true
6.575956214219332,0.5022836678277317,-0.00013656555933552796,0.9999999965755533,-8.275804209443594e-05,0.6718242522892706,-0.00014873786978605259,0.9999999966831762,-8.144720815273433e-05,true
6.675956215709448,0.5042905566985519,-0.0005128046468974806,0.9999999480191821,-0.00032243081899980576,0.6743447282929282,-0.000709545471684332,0.999999910738151,-0.0004225206386959141,true
6.775956217199564,0.5211246647946977,-0.0010851939227519633,0.9999997702448324,-0.0006778718775543914,0.6953589995593873,-0.0014739364351310583,0.9999996226357071,-0.0008687510825989254,true
6.87595621868968,0.5206676943919823,-0.001412111415645891,0.9999995911632025,-0.0009042529667911614,0.6901410889098858,-0.0020093664951877236,0.9999992589517833,-0.0012174136044050855,true
6.975956220179796,0.5109076176739944,-0.00030834110639871493,0.999999981577387,-0.000191951102095069,0.6564481724097535,-0.00038563615257959237,0.9999999742890935,-0.00022676378120564452,true
7.075956221669912,0.4659892129108252,-0.002373834681145192,0.9999988642076579,-0.0015071772935111988,0.596556835743788,-0.0031222498970611833,0.9999982021337064,-0.001896240848342492,true
7.1759562231600285,0.38776024243060814,-0.0006963386937519347,0.9999998986539168,-0.00045021345620804354,0.4922516594901106,-0.0009066065273836792,0.9999998401974151,-0.0005653363108365836,true
7.275956224650145,0.29964489937978867,9.265699619986117e-06,0.9999999999833404,5.772267151088668e-06,0.3747645376056122,9.699310240125927e-06,0.9999999999833404,5.772267151088668e-06,true
7.375956226140261,0.20830690191531806,-0.00022650136451871693,0.9999999885766419,-0.00015115130222560704,0.25298057731169576,-0.0002494131837266036,0.9999999867889839,-0.00016254855226902035,true
7.475956227630377,0.09647036382869295,-1.3224297858187231e-05,0.9999999999565021,-9.327155706879355e-06,0.11713439374752509,-2.5103693221780943e-05,0.9999999998456509,-1.7569807748402393e-05,true
7.575956229120493,5.91507961872979e-07,-1.2343186968348954e-10,1.0,-8.705704303484699e-11,5.91507961872979e-07,-1.2343186968348954e-10,1.0,-8.705704303484699e-11,true
7.675956230610609,4.175275822235692e-05,0.0,1.0,0.0,4.175275822235692e-05,0.0,1.0,0.0,true
7.775956232100725,3.1791890843232814e-05,0.0,1.0,0.0,3.1791890843232814e-05,0.0,1.0,0.0,true
7.875956233590841,1.8903411502463894e-05,0.0,1.0,0.0,1.8903411502463894e-05,0.0,1.0,0.0,true
7.975956235080957,5.390555476909599e-06,0.0,1.0,0.0,5.390555476909599e-06,0.0,1.0,0.0,true
1.50716233253479,0.0031687924007107095,3.893061808394878e-05,0.9999999996234509,2.7442637079892105e-05,0.006337600310963118,7.672696256976266e-05,0.9999999985398806,5.40392322183824e-05,true
1.6071623340249062,0.0031690153142576124,1.067461914481019e-05,0.9999999999716876,7.524940484118521e-06,0.006338033384183643,2.0503567055209263e-05,0.9999999998957356,1.4440521707603476e-05,true
1.7071623355150223,0.003169017126315022,2.3184919701504956e-05,0.9999999998664449,1.634350146569899e-05,0.006337995672083826,4.5387860922524505e-05,0.9999999994890617,3.196680472780889e-05,true
1.8071623370051384,0.0031975203316728616,4.113986784664533e-05,0.9999999995794977,2.900008015282845e-05,0.006375895150735581,8.04430808115294e-05,0.9999999983950602,5.665579975668558e-05,true
1.9071623384952545,5.4235176244031346e-06,1.84226454487475e-08,0.9999999999999999,1.2993573229992715e-08,5.4235176244031346e-06,1.84226454487475e-08,0.9999999999999999,1.2993573229992715e-08,true
2.0071623399853706,0.0031804545831764465,-0.0001123693697195983,0.9999999968628603,-7.921034919407686e-05,0.006352083801102078,-0.00022154431137615832,0.9999999878265821,-0.0001560347264021136,true
2.1071623414754868,2.7653148172261124e-06,4.002702030020028e-09,1.0,2.8231234265240504e-09,2.7653148172261124e-06,4.002702030020028e-09,1.0,2.8231234265240504e-09,true
2.207162342965603,1.6296479137986135e-06,0.0,1.0,0.0,1.6296479137986135e-06,0.0,1.0,0.0,true
2.307162344455719,0.0031680510033997283,-0.0001547840983331772,0.9999999940475961,-0.00010910915575077626,0.00633443943845676,-0.0003055370786225962,0.9999999768461525,-0.00021519222676985402,true
2.407162345945835,5.630846426596118e-07,4.505872824320955e-10,1.0,3.178012010855309e-10,5.630846426596118e-07,4.505872824320955e-10,1.0,3.178012010855309e-10,true
2.5071623474359512,0.0031653760707343256,-0.00016819742527179296,0.9999999929712355,-0.00011856444990766216,0.006330435327274068,-0.00033235893524480667,0.9999999726024312,-0.00023408361050536816,true
2.6071623489260674,1.9846249050104664e-07,2.6895930230081074e-10,1.0,1.8969818422961232e-10,1.9846249050104664e-07,2.6895930230081074e-10,1.0,1.8969818422961232e-10,true
2.7071623504161835,0.0031683656821869005,-6.812979555409623e-05,0.9999999988467756,-4.802550201186096e-05,0.006336726554525474,-0.0001345352606741329,0.9999999955108161,-9.475424915997955e-05,true
2.8071623519062996,0.003168326532422397,-6.804605646707038e-05,0.9999999988496119,-4.7966408038818386e-05,0.006336672335583616,-0.0001345228632173085,0.9999999955116351,-9.474560531864378e-05,true
2.9071623533964157,0.0031690116572293875,-1.5945464337805813e-05,0.9999999999368303,-1.1240082001170368e-05,0.006338012899676177,-3.1534040961703234e-05,0.9999999997533657,-2.2209651139046843e-05,true
3.007162354886532,0.0031684623314035083,-6.0404710919008225e-05,0.999999999093476,-4.2579901059511245e-05,0.0063369475739273535,-0.00011950631396549243,0.9999999964577588,-8.416936739593583e-05,true
3.107162356376648,0.003169037385154048,-5.740876577239734e-06,0.9999999999918119,-4.04674442704524e-06,0.006338068660937135,-1.145310265979937e-05,0.9999999999674654,-8.066557713746256e-06,true
3.207162357866764,0.0031688926591884187,-3.0114530945570018e-05,0.9999999997746863,-2.1227984431022118e-05,0.006337788642766589,-5.9747366781991324e-05,0.9999999991146069,-4.2080709138219375e-05,true
3.30716235935688,0.0031690224275262562,-9.05490643019027e-06,0.9999999999796296,-6.38284583297486e-06,0.0063380436444189815,-1.806981499970494e-05,0.9999999999190139,-1.2726834220163368e-05,true
3.4071623608469963,0.003168958101601018,-2.44127210282788e-05,0.9999999998519299,-1.720872690923752e-05,0.006337906464423352,-4.849345201419773e-05,0.9999999994167347,-3.415451009314202e-05,true
3.5071623623371124,0.0031689737202113604,-2.0996018357469252e-05,0.9999999998904759,-1.4800277201785827e-05,0.006337943046258084,-4.167990229095917e-05,0.9999999995691234,-2.9355631997445608e-05,true
3.6071623638272285,0.0031685300278151687,-5.6446097417162954e-05,0.9999999992083997,-3.978945555634933e-05,0.006337083243706929,-0.00011167015969875846,0.9999999969070644,-7.865030931354994e-05,true
3.7071623653173447,0.0031690324096978273,-2.3725636685556298e-06,0.9999999999986016,-1.672397422406419e-06,0.0063380647904418795,-4.802693379135752e-06,0.9999999999942789,-3.382640614179469e-06,true
3.807162366807461,0.0032820647699468297,-9.23283724811396e-05,0.9999999978821471,-6.50823008009229e-05,0.006487971295914862,-0.0001817073046644056,0.9999999918112642,-0.0001279744959311368,true
3.907162368297577,0.149188765211662,0.0008100340744564392,0.9999998474652533,0.000552330942609347,0.2010308118534645,0.0011264306120770766,0.9999997147676534,0.0007552910776554214,true
4.007162369787693,0.23612271611218572,0.0010047986097943477,0.999999774304636,0.0006718561430410291,0.31694273866364425,0.0013973396114123173,0.9999995855682804,0.0009104192811779206,true
4.107162371277809,0.2958612093532005,0.0011397740527672449,0.999999716851554,0.0007525269509375417,0.39659398806327845,0.0015994995125780153,0.9999994764200666,0.0010233081611368323,true
4.207162372767925,0.3433075716997291,0.0011404138501895152,0.99999972205298,0.0007455829683301055,0.4598557999165485,0.0016119758953195816,0.9999994829680773,0.0010168891671253025,true
4.307162374258041,0.3851025079697797,0.0006175089748500611,0.9999999197449446,0.0004006371228941577,0.5155825933522576,0.0008844786144215572,0.9999998476137342,0.0005520620512299735,true
4.4071623757481575,0.4241359566519278,-0.00025717022949129633,0.9999999865546589,-0.00016398378571370813,0.5676272972956794,-0.0003442754478866591,0.9999999781963752,-0.00020882348790489982,true
4.507162377238274,0.46168824029903555,-0.0001614081221350692,0.9999999948086168,-0.00010189586015206914,0.6176970096053416,-0.00021461563460794904,0.9999999917809212,-0.0001282113775255879,true
4.60716237872839,0.49835226222711393,-0.00030865573073766636,0.9999999812471909,-0.00019366367210514203,0.6665823681948494,-0.0004179912604520609,0.9999999692976684,-0.0002477996411877468,true
4.707162380218506,0.5344016718015344,-0.0003823969977187674,0.9999999716004141,-0.00023832576645451726,0.7146482416594354,-0.0005235915606433909,0.9999999526871616,-0.0003076128647249264,true
4.807162381708622,0.5697463299168356,-0.0005113844429561123,0.99999994981012,-0.00031682764640948263,0.7613334755187651,-0.0007089501233872311,0.9999999145669465,-0.00041335952840300914,true
4.907162383198738,0.6018541877407393,-0.0005106852809420783,0.9999999507971441,-0.00031369684312739627,0.8024722316141985,-0.00070190911592899,0.9999999183189577,-0.0004041807491262569,true
5.007162384688854,0.6342395955129946,-0.00040664079733673786,0.9999999692001257,-0.0002481929645022485,0.8456527805211626,-0.0005620492866349503,0.9999999485452707,-0.0003207950371812568,true
5.10716238617897,0.6423893419008844,-0.0003597759595142469,0.9999999760003321,-0.00021908750609047804,0.8565191126918774,-0.0004963361462857079,0.9999999601488521,-0.0002823159476319108,true
5.2071623876690865,0.6297991815917313,-0.00018240197558768703,0.9999999938805769,-0.00011062931849346129,0.8397322422423363,-0.00024278794872353512,0.999999990637504,-0.00013683929188709466,true
5.307162389159203,0.6077962065752759,-0.0001877841013985592,0.9999999934388484,-0.00011455262171172358,0.8103949420464531,-0.00025055569544068146,0.9999999898530234,-0.0001424568463078872,true
5.407162390649319,0.5819716844284495,0.00025447088535470163,0.9999999871561949,0.00016027354804089807,0.7762524649969822,0.0003895720609892846,0.9999999727157105,0.00023359918310028035,true
5.507162392139435,0.5573923523332895,-0.0001879612132449823,0.9999999933565448,-0.00011526886143742716,0.7453024950831257,-0.00024103469865419832,0.9999999905572123,-0.0001374247983182753,true
5.607162393629551,0.5364146747074314,-0.0003794569346585869,0.9999999721345918,-0.0002360737504148164,0.7173322488347241,-0.0005154265845433584,0.9999999544432074,-0.00030185026586940965,true
5.707162395119667,0.5352548152745057,-0.0004744004020409181,0.999999956441256,-0.0002951567141582895,0.7157857666673022,-0.0006436877576009287,0.9999999289453998,-0.00037697373293250257,true
5.807162396609783,0.5522447550685308,-0.0008090301525210282,0.9999998734282497,-0.0005031336646568675,0.7384389661562903,-0.001120821563102627,0.9999997841964041,-0.0006569681462474627,true
5.907162398099899,0.5760521282924245,-0.0007452706857541743,0.9999998940623138,-0.00046029920834760285,0.7689036782917986,-0.001022657252430037,0.9999998239787439,-0.000593331678929449,true
6.007162399590015,0.6026257973961593,-0.0013371904914650475,0.9999996617420102,-0.0008225058450850328,0.8035008983268759,-0.0018527250984301219,0.999999427995528,-0.0010695833846851234,true
6.1071624010801315,0.6131915544944871,-0.002123647405189775,0.9999991487381671,-0.0013048076261417958,0.817588250681836,-0.002962572946281859,0.999998540681921,-0.0017084010151000872,true
6.207162402570248,0.5999035295436577,-0.0016475123349673564,0.999999487846045,-0.001012080850386369,0.7998711918056396,-0.0022596474984269144,0.9999991535948833,-0.001301080134711421,true
6.307162404060364,0.5762213473012077,-0.0014909741491526474,0.9999995767908785,-0.0009200098173553165,0.7682950123194684,-0.00203182574489108,0.9999993075230591,-0.0011768404319685885,true
6.40716240555048,0.5494348244764337,-0.0012243313762048357,0.9999997102400733,-0.0007612619585008132,0.733242041314983,-0.0016831886662966088,0.999999513698922,-0.0009862058200395469,true
6.507162407040596,0.5229748339755476,-0.0006095230632914279,0.9999999279608104,-0.0003795765721175238,0.6994124648803174,-0.0008161897951273648,0.9999998857082032,-0.00047810415245766246,true
6.607162408530712,0.507009657071273,-0.00018062115624744603,0.9999999938381156,-0.0001110124713027193,0.67812557213729,-0.00021673360523437424,0.9999999924250688,-0.00012308477772670094,true
6.707162410020828,0.5124473189112895,-0.0006024654376486558,0.9999999284726119,-0.00037822582030810567,0.6844415906287139,-0.0008344571671966534,0.9999998770075413,-0.0004959686503787598,true
6.807162411510944,0.5298195842205498,-0.0010765428481630764,0.9999997752814861,-0.0006704006095988172,0.7064380503117578,-0.0014516965741109941,0.9999996374853739,-0.00085148641843379,true
6.9071624130010605,0.5166521637835533,-0.001264999725369005,0.9999996711914648,-0.0008109358558655867,0.6847883177496181,-0.0018016653181375125,0.9999994023674644,-0.0010932816261471343,true
7.007162414491177,0.4902877034669151,-0.00038344255488610793,0.9999999711235186,-0.0002403184594842204,0.6289549561561916,-0.00048444750064926244,0.9999999585124705,-0.00028805391385437626,true
7.107162415981293,0.437118503759211,-0.0020815452064213377,0.9999991182518495,-0.0013279666876884174,0.5580626847333942,-0.0027128437248229165,0.9999986222908057,-0.0016599447251611004,true
7.207162417471409,0.3549361188965524,-0.00043285058589782,0.9999999602782003,-0.00028185740701158746,0.448486166497883,-0.0005592511166202178,0.9999999379032609,-0.000352410945300075,true
7.307162418961525,0.2653611167710231,-1.875617522850292e-06,0.9999999999992975,-1.1853337654885962e-06,0.32905282736602626,-1.95111345800033e-06,0.9999999999992975,-1.1853337654885962e-06,true
7.407162420451641,0.1741355259103358,-0.00015413021231544278,0.999999994593806,-0.00010398263342310464,0.20741872441646853,-0.00017219673524833607,0.9999999934695766,-0.00011428406157199348,true
7.507162421941757,0.06319451493179928,0.00023090373597838,0.999999987128207,0.0001604480782408788,0.08548717368028311,0.0003116228781058928,0.9999999769182557,0.00021485690122230604,true
7.607162423431873,3.0032043804746763e-05,3.009540624568967e-08,0.9999999999999998,2.1226422992705157e-08,3.0032043804746763e-05,3.009540624568967e-08,0.9999999999999998,2.1226422992705157e-08,true
7.707162424921989,0.0032786148997315454,3.8672176130595045e-05,0.9999999996284455,2.7260022569123873e-05,0.006484039148947874,7.568793981615769e-05,0.9999999985792472,5.330577475225344e-05,true
7.807162426412106,2.606639633893849e-05,1.7053799070726103e-07,0.9999999999999928,1.2028119831732747e-07,2.606639633893849e-05,1.7053799070726103e-07,0.9999999999999928,1.2028119831732747e-07,true
7.907162427902222,1.4116318849970417e-05,0.0,1.0,0.0,1.4116318849970417e-05,0.0,1.0,0.0,true
8.007162429392338,8.060273793624578e-06,0.0,1.0,0.0,8.060273793624578e-06,0.0,1.0,0.0,true
8.107162430882454,4.297584470561449e-06,0.0,1.0,0.0,4.297584470561449e-06,0.0,1.0,0.0,true
8.20716243237257,2.2405826079774035e-06,0.0,1.0,0.0,2.2405826079774035e-06,0.0,1.0,0.0,true
8.307162433862686,6.025072164992486e-07,0.0,1.0,0.0,6.025072164992486e-07,0.0,1.0,0.0,true
8.407162435352802,6.871684937352586e-07,0.0,1.0,0.0,6.871684937352586e-07,0.0,1.0,0.0,true
8.507162436842918,4.4547479365476044e-07,0.0,1.0,0.0,4.4547479365476044e-07,0.0,1.0,0.0,true
8.607162438333035,2.529398229135661e-07,0.0,1.0,0.0,2.529398229135661e-07,0.0,1.0,0.0,true
8.70716243982315,0.0,0.0,1.0,0.0,0.0,0.0,1.0,0.0,true
8.807162441313267,7.633514318917288e-08,0.0,1.0,0.0,7.633514318917288e-08,0.0,1.0,0.0,true
8.907162442803383,5.266530385615866e-08,0.0,1.0,0.0,5.266530385615866e-08,0.0,1.0,0.0,true
9.007162444293499,2.7691081389332268e-08,0.0,1.0,0.0,2.7691081389332268e-08,0.0,1.0,0.0,true
9.107162445783615,1.490827849236494e-08,0.0,1.0,0.0,1.490827849236494e-08,0.0,1.0,0.0,true
9.207162447273731,8.43788382520448e-09,0.0,1.0,0.0,8.43788382520448e-09,0.0,1.0,0.0,true
9.307162448763847,5.0746397784404895e-09,0.0,1.0,0.0,5.0746397784404895e-09,0.0,1.0,0.0,true
9.407162450253963,4.379915019728018e-09,0.0,1.0,0.0,4.379915019728018e-09,0.0,1.0,0.0,true
9.50716245174408,2.0650546280898875e-09,0.0,1.0,0.0,2.0650546280898875e-09,0.0,1.0,0.0,true
9.607162453234196,1.6671069501681783e-09,0.0,1.0,0.0,1.6671069501681783e-09,0.0,1.0,0.0,true
9.707162454724312,1.9009811864247553e-09,0.0,1.0,0.0,1.9009811864247553e-09,0.0,1.0,0.0,true
9.807162456214428,8.340665394019294e-10,0.0,1.0,0.0,8.340665394019294e-10,0.0,1.0,0.0,true
9.907162457704544,1.8659001176609996e-09,0.0,1.0,0.0,1.8659001176609996e-09,0.0,1.0,0.0,true
10.00716245919466,0.0,0.0,1.0,0.0,0.0,0.0,1.0,0.0,true
10.107162460684776,0.0,0.0,1.0,0.0,0.0,0.0,1.0,0.0,true
10.207162462174892,0.0,0.0,1.0,0.0,0.0,0.0,1.0,0.0,true
10.307162463665009,0.0,0.0,1.0,0.0,0.0,0.0,1.0,0.0,true
10.407162465155125,0.0,0.0,1.0,0.0,0.0,0.0,1.0,0.0,true
10.50716246664524,0.0,0.0,1.0,0.0,0.0,0.0,1.0,0.0,true
10.607162468135357,0.0,0.0,1.0,0.0,0.0,0.0,1.0,0.0,true
10.707162469625473,0.0,0.0,1.0,0.0,0.0,0.0,1.0,0.0,true
10.80716247111559,0.0,0.0,1.0,0.0,0.0,0.0,1.0,0.0,true
10.907162472605705,0.0,0.0,1.0,0.0,0.0,0.0,1.0,0.0,true
11.007162474095821,0.0,0.0,1.0,0.0,0.0,0.0,1.0,0.0,true
11.107162475585938,0.0,0.0,1.0,0.0,0.0,0.0,1.0,0.0,true
11.207162477076054,0.0,0.0,1.0,0.0,0.0,0.0,1.0,0.0,true
11.30716247856617,0.0,0.0,1.0,0.0,0.0,0.0,1.0,0.0,true
11.407162480056286,0.0,0.0,1.0,0.0,0.0,0.0,1.0,0.0,true
11.507162481546402,0.0,0.0,1.0,0.0,0.0,0.0,1.0,0.0,true
11.607162483036518,0.0,0.0,1.0,0.0,0.0,0.0,1.0,0.0,true
11.707162484526634,0.0,0.0,1.0,0.0,0.0,0.0,1.0,0.0,true
11.80716248601675,0.0,0.0,1.0,0.0,0.0,0.0,1.0,0.0,true
11.907162487506866,0.0,0.0,1.0,0.0,0.0,0.0,1.0,0.0,true
12.007162488996983,0.0,0.0,1.0,0.0,0.0,0.0,1.0,0.0,true
12.107162490487099,0.0,0.0,1.0,0.0,0.0,0.0,1.0,0.0,true
12.207162491977215,0.0,0.0,1.0,0.0,0.0,0.0,1.0,0.0,true
12.307162493467331,0.0,0.0,1.0,0.0,0.0,0.0,1.0,0.0,true
12.407162494957447,0.0,0.0,1.0,0.0,0.0,0.0,1.0,0.0,true
12.507162496447563,0.0,0.0,1.0,0.0,0.0,0.0,1.0,0.0,true
12.60716249793768,0.0,0.0,1.0,0.0,0.0,0.0,1.0,0.0,true
12.707162499427795,0.0,0.0,1.0,0.0,0.0,0.0,1.0,0.0,true
12.807162500917912,0.0,0.0,1.0,0.0,0.0,0.0,1.0,0.0,true
12.907162502408028,0.0,0.0,1.0,0.0,0.0,0.0,1.0,0.0,true
13.007162503898144,0.0,0.0,1.0,0.0,0.0,0.0,1.0,0.0,true
13.10716250538826,0.0,0.0,1.0,0.0,0.0,0.0,1.0,0.0,true
13.207162506878376,0.0,0.0,1.0,0.0,0.0,0.0,1.0,0.0,true
13.307162508368492,0.0,0.0,1.0,0.0,0.0,0.0,1.0,0.0,true
13.407162509858608,0.0,0.0,1.0,0.0,0.0,0.0,1.0,0.0,true
13.507162511348724,0.0,0.0,1.0,0.0,0.0,0.0,1.0,0.0,true
13.60716251283884,0.0,0.0,1.0,0.0,0.0,0.0,1.0,0.0,true
13.707162514328957,0.0,0.0,1.0,0.0,0.0,0.0,1.0,0.0,true
13.807162515819073,0.0,0.0,1.0,0.0,0.0,0.0,1.0,0.0,true
13.907162517309189,0.0,0.0,1.0,0.0,0.0,0.0,1.0,0.0,true
14.007162518799305,0.0,0.0,1.0,0.0,0.0,0.0,1.0,0.0,true
14.107162520289421,0.0,0.0,1.0,0.0,0.0,0.0,1.0,0.0,true
14.207162521779537,0.0,0.0,1.0,0.0,0.0,0.0,1.0,0.0,true
14.307162523269653,0.0,0.0,1.0,0.0,0.0,0.0,1.0,0.0,true
14.40716252475977,0.0,0.0,1.0,0.0,0.0,0.0,1.0,0.0,true
14.507162526249886,0.0,0.0,1.0,0.0,0.0,0.0,1.0,0.0,true
14.607162527740002,0.0,0.0,1.0,0.0,0.0,0.0,1.0,0.0,true
14.707162529230118,0.0,0.0,1.0,0.0,0.0,0.0,1.0,0.0,true
14.807162530720234,0.0,0.0,1.0,0.0,0.0,0.0,1.0,0.0,true
14.90716253221035,0.0,0.0,1.0,0.0,0.0,0.0,1.0,0.0,true
15.007162533700466,0.0,0.0,1.0,0.0,0.0,0.0,1.0,0.0,true
15.107162535190582,0.0,0.0,1.0,0.0,0.0,0.0,1.0,0.0,true
15.207162536680698,0.0,0.0,1.0,0.0,0.0,0.0,1.0,0.0,true
15.307162538170815,0.0,0.0,1.0,0.0,0.0,0.0,1.0,0.0,true
15.40716253966093,0.0,0.0,1.0,0.0,0.0,0.0,1.0,0.0,true
15.507162541151047,0.0,0.0,1.0,0.0,0.0,0.0,1.0,0.0,true
15.607162542641163,0.0,0.0,1.0,0.0,0.0,0.0,1.0,0.0,true
15.707162544131279,0.0,0.0,1.0,0.0,0.0,0.0,1.0,0.0,true
15.807162545621395,0.0,0.0,1.0,0.0,0.0,0.0,1.0,0.0,true
15.907162547111511,0.0,0.0,1.0,0.0,0.0,0.0,1.0,0.0,true
16.007162548601627,0.0,0.0,1.0,0.0,0.0,0.0,1.0,0.0,true
16.107162550091743,0.0,0.0,1.0,0.0,0.0,0.0,1.0,0.0,true
16.20716255158186,0.0,0.0,1.0,0.0,0.0,0.0,1.0,0.0,true
16.307162553071976,0.0,0.0,1.0,0.0,0.0,0.0,1.0,0.0,true
16.407162554562092,0.0,0.0,1.0,0.0,0.0,0.0,1.0,0.0,true
16.507162556052208,0.0,0.0,1.0,0.0,0.0,0.0,1.0,0.0,true
16.607162557542324,0.0,0.0,1.0,0.0,0.0,0.0,1.0,0.0,true
16.70716255903244,0.0,0.0,1.0,0.0,0.0,0.0,1.0,0.0,true
16.807162560522556,0.0,0.0,1.0,0.0,0.0,0.0,1.0,0.0,true
16.907162562012672,0.0,0.0,1.0,0.0,0.0,0.0,1.0,0.0,true
17.00716256350279,0.0,0.0,1.0,0.0,0.0,0.0,1.0,0.0,true
17.107162564992905,0.0,0.0,1.0,0.0,0.0,0.0,1.0,0.0,true
17.20716256648302,0.0,0.0,1.0,0.0,0.0,0.0,1.0,0.0,true
17.307162567973137,0.0,0.0,1.0,0.0,0.0,0.0,1.0,0.0,true
17.407162569463253,0.0,0.0,1.0,0.0,0.0,0.0,1.0,0.0,true
17.50716257095337,0.0,0.0,1.0,0.0,0.0,0.0,1.0,0.0,true
17.607162572443485,0.0,0.0,1.0,0.0,0.0,0.0,1.0,0.0,true
17.7071625739336,0.0,0.0,1.0,0.0,0.0,0.0,1.0,0.0,true
17.807162575423717,0.0,0.0,1.0,0.0,0.0,0.0,1.0,0.0,true
17.907162576913834,0.0,0.0,1.0,0.0,0.0,0.0,1.0,0.0,true
18.00716257840395,0.0,0.0,1.0,0.0,0.0,0.0,1.0,0.0,true
18.107162579894066,0.0,0.0,1.0,0.0,0.0,0.0,1.0,0.0,true
18.207162581384182,0.0,0.0,1.0,0.0,0.0,0.0,1.0,0.0,true
18.307162582874298,0.0,0.0,1.0,0.0,0.0,0.0,1.0,0.0,true
18.407162584364414,0.0,0.0,1.0,0.0,0.0,0.0,1.0,0.0,true
18.50716258585453,0.0,0.0,1.0,0.0,0.0,0.0,1.0,0.0,true
18.607162587344646,0.0,0.0,1.0,0.0,0.0,0.0,1.0,0.0,true
18.707162588834763,0.0,0.0,1.0,0.0,0.0,0.0,1.0,0.0,true
18.80716259032488,0.0,0.0,1.0,0.0,0.0,0.0,1.0,0.0,true
18.907162591814995,0.0,0.0,1.0,0.0,0.0,0.0,1.0,0.0,true
19.00716259330511,0.0,0.0,1.0,0.0,0.0,0.0,1.0,0.0,true
19.107162594795227,0.0,0.0,1.0,0.0,0.0,0.0,1.0,0.0,true
19.207162596285343,0.0,0.0,1.0,0.0,0.0,0.0,1.0,0.0,true
19.30716259777546,0.0,0.0,1.0,0.0,0.0,0.0,1.0,0.0,true
19.407162599265575,0.0,0.0,1.0,0.0,0.0,0.0,1.0,0.0,true
19.50716260075569,0.0,0.0,1.0,0.0,0.0,0.0,1.0,0.0,true
19.607162602245808,0.0,0.0,1.0,0.0,0.0,0.0,1.0,0.0,true
19.707162603735924,0.0,0.0,1.0,0.0,0.0,0.0,1.0,0.0,true
19.80716260522604,0.0,0.0,1.0,0.0,0.0,0.0,1.0,0.0,true
19.907162606716156,0.0,0.0,1.0,0.0,0.0,0.0,1.0,0.0,true
20.007162608206272,0.0,0.0,1.0,0.0,0.0,0.0,1.0,0.0,true
20.10716260969639,0.0,0.0,1.0,0.0,0.0,0.0,1.0,0.0,true
20.207162611186504,0.0,0.0,1.0,0.0,0.0,0.0,1.0,0.0,true
20.30716261267662,0.0,0.0,1.0,0.0,0.0,0.0,1.0,0.0,true
20.407162614166737,0.0,0.0,1.0,0.0,0.0,0.0,1.0,0.0,true
20.507162615656853,0.0,0.0,1.0,0.0,0.0,0.0,1.0,0.0,true
20.60716261714697,0.0,0.0,1.0,0.0,0.0,0.0,1.0,0.0,true
20.707162618637085,0.0,0.0,1.0,0.0,0.0,0.0,1.0,0.0,true
20.8071626201272,0.0,0.0,1.0,0.0,0.0,0.0,1.0,0.0,true
20.907162621617317,0.0,0.0,1.0,0.0,0.0,0.0,1.0,0.0,true
21.007162623107433,0.0,0.0,1.0,0.0,0.0,0.0,1.0,0.0,true
21.10716262459755,0.0,0.0,1.0,0.0,0.0,0.0,1.0,0.0,true
21.207162626087666,0.0,0.0,1.0,0.0,0.0,0.0,1.0,0.0,true
21.30716262757778,0.0,0.0,1.0,0.0,0.0,0.0,1.0,0.0,true
21.407162629067898,0.0,0.0,1.0,0.0,0.0,0.0,1.0,0.0,true
21.507162630558014,0.0,0.0,1.0,0.0,0.0,0.0,1.0,0.0,true
21.60716263204813,0.0,0.0,1.0,0.0,0.0,0.0,1.0,0.0,true
21.707162633538246,0.0,0.0,1.0,0.0,0.0,0.0,1.0,0.0,true
21.807162635028362,0.0,0.0,1.0,0.0,0.0,0.0,1.0,0.0,true
21.90716263651848,0.0,0.0,1.0,0.0,0.0,0.0,1.0,0.0,true
22.007162638008595,0.0,0.0,1.0,0.0,0.0,0.0,1.0,0.0,true
22.10716263949871,0.0,0.0,1.0,0.0,0.0,0.0,1.0,0.0,true
22.207162640988827,0.0,0.0,1.0,0.0,0.0,0.0,1.0,0.0,true
22.307162642478943,0.0,0.0,1.0,0.0,0.0,0.0,1.0,0.0,true
22.40716264396906,0.0,0.0,1.0,0.0,0.0,0.0,1.0,0.0,true
22.507162645459175,0.0,0.0,1.0,0.0,0.0,0.0,1.0,0.0,true
22.60716264694929,0.0,0.0,1.0,0.0,0.0,0.0,1.0,0.0,true
22.707162648439407,0.0,0.0,1.0,0.0,0.0,0.0,1.0,0.0,true
22.807162649929523,0.0,0.0,1.0,0.0,0.0,0.0,1.0,0.0,true
22.90716265141964,0.0,0.0,1.0,0.0,0.0,0.0,1.0,0.0,true
23.007162652909756,0.0,0.0,1.0,0.0,0.0,0.0,1.0,0.0,true
23.107162654399872,0.0,0.0,1.0,0.0,0.0,0.0,1.0,0.0,true
23.207162655889988,0.0,0.0,1.0,0.0,0.0,0.0,1.0,0.0,true
23.307162657380104,0.0,0.0,1.0,0.0,0.0,0.0,1.0,0.0,true
23.40716265887022,0.0,0.0,1.0,0.0,0.0,0.0,1.0,0.0,true
23.507162660360336,0.0,0.0,1.0,0.0,0.0,0.0,1.0,0.0,true
23.607162661850452,0.0,0.0,1.0,0.0,0.0,0.0,1.0,0.0,true
23.70716266334057,0.0,0.0,1.0,0.0,0.0,0.0,1.0,0.0,true
23.807162664830685,0.0,0.0,1.0,0.0,0.0,0.0,1.0,0.0,true
23.9071626663208,0.0,0.0,1.0,0.0,0.0,0.0,1.0,0.0,true
24.007162667810917,0.0,0.0,1.0,0.0,0.0,0.0,1.0,0.0,true
24.107162669301033,0.0,0.0,1.0,0.0,0.0,0.0,1.0,0.0,true
24.20716267079115,0.0,0.0,1.0,0.0,0.0,0.0,1.0,0.0,true
24.307162672281265,0.0,0.0,1.0,0.0,0.0,0.0,1.0,0.0,true
24.40716267377138,0.0,0.0,1.0,0.0,0.0,0.0,1.0,0.0,true
24.507162675261497,0.0,0.0,1.0,0.0,0.0,0.0,1.0,0.0,true
24.607162676751614,0.0,0.0,1.0,0.0,0.0,0.0,1.0,0.0,true
24.70716267824173,0.0,0.0,1.0,0.0,0.0,0.0,1.0,0.0,true
24.807162679731846,0.0,0.0,1.0,0.0,0.0,0.0,1.0,0.0,true
24.907162681221962,0.0,0.0,1.0,0.0,0.0,0.0,1.0,0.0,true
25.007162682712078,0.0,0.0,1.0,0.0,0.0,0.0,1.0,0.0,true
25.107162684202194,0.0,0.0,1.0,0.0,0.0,0.0,1.0,0.0,true
25.20716268569231,0.0,0.0,1.0,0.0,0.0,0.0,1.0,0.0,true
25.307162687182426,0.0,0.0,1.0,0.0,0.0,0.0,1.0,0.0,true
25.407162688672543,0.0,0.0,1.0,0.0,0.0,0.0,1.0,0.0,true
25.50716269016266,0.0,0.0,1.0,0.0,0.0,0.0,1.0,0.0,true
25.607162691652775,0.0,0.0,1.0,0.0,0.0,0.0,1.0,0.0,true
25.70716269314289,0.0,0.0,1.0,0.0,0.0,0.0,1.0,0.0,true
25.807162694633007,0.0,0.0,1.0,0.0,0.0,0.0,1.0,0.0,true
25.907162696123123,0.0,0.0,1.0,0.0,0.0,0.0,1.0,0.0,true
26.00716269761324,0.0,0.0,1.0,0.0,0.0,0.0,1.0,0.0,true
26.107162699103355,0.0,0.0,1.0,0.0,0.0,0.0,1.0,0.0,true
26.20716270059347,0.0,0.0,1.0,0.0,0.0,0.0,1.0,0.0,true
26.307162702083588,0.0,0.0,1.0,0.0,0.0,0.0,1.0,0.0,true
26.407162703573704,0.0,0.0,1.0,0.0,0.0,0.0,1.0,0.0,true
26.50716270506382,0.0,0.0,1.0,0.0,0.0,0.0,1.0,0.0,true
26.607162706553936,0.0,0.0,1.0,0.0,0.0,0.0,1.0,0.0,true
26.707162708044052,0.0,0.0,1.0,0.0,0.0,0.0,1.0,0.0,true
26.80716270953417,0.0,0.0,1.0,0.0,0.0,0.0,1.0,0.0,true
26.907162711024284,0.0,0.0,1.0,0.0,0.0,0.0,1.0,0.0,true
27.0071627125144,0.0,0.0,1.0,0.0,0.0,0.0,1.0,0.0,true
27.107162714004517,0.0,0.0,1.0,0.0,0.0,0.0,1.0,0.0,true
27.207162715494633,0.0,0.0,1.0,0.0,0.0,0.0,1.0,0.0,true
27.30716271698475,0.0,0.0,1.0,0.0,0.0,0.0,1.0,0.0,true
27.407162718474865,0.0,0.0,1.0,0.0,0.0,0.0,1.0,0.0,true
27.50716271996498,0.0,0.0,1.0,0.0,0.0,0.0,1.0,0.0,true
27.607162721455097,0.0,0.0,1.0,0.0,0.0,0.0,1.0,0.0,true
27.707162722945213,0.0,0.0,1.0,0.0,0.0,0.0,1.0,0.0,true
27.80716272443533,0.0,0.0,1.0,0.0,0.0,0.0,1.0,0.0,true
27.907162725925446,0.0,0.0,1.0,0.0,0.0,0.0,1.0,0.0,true
28.00716272741556,0.0,0.0,1.0,0.0,0.0,0.0,1.0,0.0,true
28.107162728905678,0.0,0.0,1.0,0.0,0.0,0.0,1.0,0.0,true
28.207162730395794,0.0,0.0,1.0,0.0,0.0,0.0,1.0,0.0,true
28.30716273188591,0.0,0.0,1.0,0.0,0.0,0.0,1.0,0.0,true
28.407162733376026,0.0,0.0,1.0,0.0,0.0,0.0,1.0,0.0,true
28.507162734866142,0.0,0.0,1.0,0.0,0.0,0.0,1.0,0.0,true
28.60716273635626,0.0,0.0,1.0,0.0,0.0,0.0,1.0,0.0,true
28.707162737846375,0.0,0.0,1.0,0.0,0.0,0.0,1.0,0.0,true
28.80716273933649,0.0,0.0,1.0,0.0,0.0,0.0,1.0,0.0,true
28.907162740826607,0.0,0.0,1.0,0.0,0.0,0.0,1.0,0.0,true
29.007162742316723,0.0,0.0,1.0,0.0,0.0,0.0,1.0,0.0,true
29.10716274380684,0.0,0.0,1.0,0.0,0.0,0.0,1.0,0.0,true
29.207162745296955,0.0,0.0,1.0,0.0,0.0,0.0,1.0,0.0,true
29.30716274678707,0.0,0.0,1.0,0.0,0.0,0.0,1.0,0.0,true
29.407162748277187,0.0,0.0,1.0,0.0,0.0,0.0,1.0,0.0,true
29.507162749767303,0.0,0.0,1.0,0.0,0.0,0.0,1.0,0.0,true
29.60716275125742,0.0,0.0,1.0,0.0,0.0,0.0,1.0,0.0,true
29.707162752747536,0.0,0.0,1.0,0.0,0.0,0.0,1.0,0.0,true
29.807162754237652,0.0,0.0,1.0,0.0,0.0,0.0,1.0,0.0,true
29.907162755727768,0.0,0.0,1.0,0.0,0.0,0.0,1.0,0.0,true
30.007162757217884,0.0,0.0,1.0,0.0,0.0,0.0,1.0,0.0,true
30.107162758708,0.0,0.0,1.0,0.0,0.0,0.0,1.0,0.0,true
30.207162760198116,0.0,0.0,1.0,0.0,0.0,0.0,1.0,0.0,true
30.307162761688232,0.0,0.0,1.0,0.0,0.0,0.0,1.0,0.0,true
30.40716276317835,0.0,0.0,1.0,0.0,0.0,0.0,1.0,0.0,true
30.507162764668465,0.0,0.0,1.0,0.0,0.0,0.0,1.0,0.0,true
30.60716276615858,0.0,0.0,1.0,0.0,0.0,0.0,1.0,0.0,true
30.707162767648697,0.0,0.0,1.0,0.0,0.0,0.0,1.0,0.0,true
30.807162769138813,0.0,0.0,1.0,0.0,0.0,0.0,1.0,0.0,true
30.90716277062893,0.0,0.0,1.0,0.0,0.0,0.0,1.0,0.0,true
31.007162772119045,0.0,0.0,1.0,0.0,0.0,0.0,1.0,0.0,true
31.10716277360916,0.0,0.0,1.0,0.0,0.0,0.0,1.0,0.0,true
31.207162775099277,0.0,0.0,1.0,0.0,0.0,0.0,1.0,0.0,true
31.307162776589394,0.0,0.0,1.0,0.0,0.0,0.0,1.0,0.0,true
31.40716277807951,0.0031688189313389633,-3.672490580087079e-05,0.9999999996649107,-2.588780725162006e-05,0.0063376514446524795,-7.239896222666206e-05,0.999999998699958,-5.099101780529476e-05,true
31.507162779569626,0.0031690052555630828,-1.3431403560671731e-05,0.9999999999551785,-9.46799414851116e-06,0.006338011966780298,-2.6463621687348208e-05,0.9999999998263029,-1.863851312050491e-05,true
31.607162781059742,0.009395488566136506,-7.428799517292568e-05,0.9999999986330387,-5.2286925362780604e-05,0.014639921722170126,-0.00011812281166021917,0.9999999965546359,-8.301040973657501e-05,true
31.707162782549858,0.009897017096227784,-4.239734500655815e-05,0.9999999995548725,-2.9837141499519356e-05,0.015308687518319656,-6.666989882298308e-05,0.9999999989028762,-4.684279628578653e-05,true
31.807162784039974,0.027853126863423422,-5.84572891869694e-05,0.9999999991608695,-4.0966583979341406e-05,0.03925018412216331,-8.358203335557415e-05,0.9999999982971794,-5.8357871433912746e-05,true
31.90716278553009,0.06661611651976893,0.00019129583977135192,0.9999999911651359,0.0001329275294028958,0.09093413712936706,0.0002715205943081261,0.9999999824723733,0.00018723048123057802,true
32.00716278702021,0.1026968827726123,0.00014292347787003243,0.9999999951387675,9.860256077849549e-05,0.13904184333287506,0.0002067801174607261,0.9999999900435145,0.00014111332648177011,true
32.10716278851032,0.13434678108180298,-0.00043863826226917847,0.9999999550210376,-0.00029992986322017876,0.18124168323429482,-0.0006024074023515648,0.9999999177780936,-0.00040551671475588796,true
32.20716279000044,0.207961129592849,-0.0016316487140951822,0.9999993979773393,-0.0010972898245732465,0.27939366817274874,-0.0022485661771911697,0.9999989090568487,-0.0014771205476933412,true
32.307162791490555,0.2670280783067313,-0.0020363282705451653,0.999999088779361,-0.0013499779434483442,0.3581496871504689,-0.0027793875475057295,0.9999984027800563,-0.0017872988939632694,true
32.40716279298067,0.31486133224549273,-0.0013526687796056624,0.999999607112087,-0.0008864398860343252,0.42192766827803074,-0.0018378433218530594,0.9999993252304931,-0.0011616964140999887,true
32.50716279447079,0.35680639786191737,-0.0017549281376656395,0.9999993490459225,-0.0011410117139289582,0.4778541381934973,-0.0024254031255477116,0.9999988501350648,-0.0015164855911708164,true
32.6071627959609,0.36808213180846777,-0.002142327536411944,0.999998991048234,-0.00142052895569411,0.48670791782158723,-0.003097236315745305,0.9999980493359255,-0.0019751770411610705,true
32.70716279745102,0.400440072801731,-0.0024651470219276945,0.9999987211953175,-0.00159925224078269,0.5298252835932229,-0.00337700210568412,0.9999978024574291,-0.0020964446838781098,true
32.807162798941135,0.36644556218310126,-0.0007379620061617523,0.9999998820653598,-0.0004856637380409153,0.47621293639585943,-0.001040483457726079,0.9999997812527737,-0.0006614335981265772,true
32.90716280043125,0.3355004023213048,-0.001538698978042313,0.999999495215704,-0.0010047727789023045,0.4473470715813902,-0.002086725353579201,0.999999139281256,-0.0013120353451934147,true
33.00716280192137,0.2657076085630446,-0.002176163269493819,0.9999989566330519,-0.001444552805383537,0.3563888445027901,-0.0029878635564021443,0.999998147846403,-0.001924656791102085,true
33.107162803411484,0.23653787092416514,-0.0015875801703178554,0.9999994367788555,-0.0010613397060687019,0.3174959425490357,-0.002205145801750164,0.999998968508635,-0.001436308346460923,true
33.2071628049016,0.2300492155280371,-0.0012602193969096492,0.999999645313042,-0.0008422433082215605,0.3088448507665005,-0.0017087089683568485,0.999999381997832,-0.0011117571470673335,true
33.307162806391716,0.24794698388207104,-0.0006579043389802233,0.9999999038883082,-0.00043843286194016117,0.33270859268231273,-0.0009070594481524442,0.9999998271560269,-0.0005879523079822005,true
33.40716280788183,0.2836267253983509,-0.0007995384340978274,0.99999986056784,-0.0005280760368533106,0.3802815880505278,-0.001092514884360348,0.9999997558993187,-0.0006987140353349285,true
33.50716280937195,0.32661233157139147,-0.00022227544529420835,0.9999999899122805,-0.00014204027277455686,0.42325466602034656,-0.0003274105360305024,0.9999999786766594,-0.00020651072826020046,true
33.607162810862064,0.3687796229154009,-0.0019014577498984802,0.9999992406422678,-0.0012323615086177481,0.493818439200701,-0.002617632459447086,0.9999986735053567,-0.001628799412802191,true
33.70716281235218,0.38179691728297604,-0.0012833282586064408,0.9999996598675812,-0.0008247816206887416,0.511175333206842,-0.001687531946451781,0.9999994647952833,-0.0010346057930102383,true
33.8071628138423,0.3908458261988267,-0.0008289266119370253,0.9999998583239365,-0.0005323082818737907,0.5232404676218781,-0.0011024448056576356,0.999999771839273,-0.0006755156563004946,true
33.90716281533241,0.4139552021357549,-0.0009519297880720481,0.9999998123616854,-0.000612598231984777,0.5540527782174938,-0.0013436939197510286,0.9999996568937396,-0.000828379383609317,true
34.00716281682253,0.4439911455205787,-0.0012089171191986324,0.9999997006095325,-0.000773809308195477,0.594100557468088,-0.00172284663605668,0.9999994441618578,-0.0010543604579617148,true
34.107162818312645,0.47700665185772706,-0.0011619406003623345,0.9999997274430651,-0.0007383182209949549,0.6381212772983159,-0.0016559537636221151,0.999999497146809,-0.001002849006126629,true
34.20716281980276,0.5112796115959376,-0.0012726407578902215,0.9999996770839918,-0.0008036366790569757,0.6838184774410736,-0.0018284564730892865,0.9999993973524044,-0.0010978592022608971,true
34.30716282129288,0.5460106767740928,-0.0010344402411359133,0.9999997877753808,-0.000651497654120986,0.730126597144787,-0.0015283628188262764,0.9999995811483428,-0.0009152612408943439,true
34.40716282278299,0.580349194386194,-0.0015826109914277198,0.9999995105327513,-0.0009894110661471608,0.7753364029537428,-0.0023341549163895738,0.9999990430897477,-0.0013834086846372822,true
34.50716282427311,0.6115936101973503,-0.0036403051962730923,0.9999975023988633,-0.0022349935202007156,0.815456908775358,-0.005048854129326619,0.9999957744208807,-0.0029070845159677515,true
34.607162825763226,0.6393485294686048,-0.0033815912932130413,0.9999978541819287,-0.0020716253373216516,0.8524630731941732,-0.004788446968772066,0.999996211877279,-0.0027524954299604667,true
34.70716282725334,0.6417611522698434,-0.001960574362371801,0.9999992858877477,-0.0011950832584986617,0.8556812063200305,-0.0027156695072200147,0.9999988028659484,-0.0015473418077642457,true
34.80716282874346,0.6253284606418683,-0.0026943742305529563,0.9999986353210414,-0.0016520762860139596,0.8337704473017489,-0.003771219647084156,0.9999976483716266,-0.00216869804644682,true
34.907162830233574,0.6007148904433236,-0.002308047448261589,0.9999989931492154,-0.0014190491730142253,0.8009527623375265,-0.0031821823581162853,0.9999983160763102,-0.0018351688053153898,true
35.00716283172369,0.5727274491357164,-0.0024608574673366103,0.9999988410111211,-0.0015224902017773694,0.7636361131394593,-0.003388470450335005,0.9999980561248578,-0.0019717369261108585,true
35.107162833213806,0.5469656154284771,-0.002516555312690091,0.9999987730655789,-0.0015664824725599852,0.731399598821665,-0.0034794146027646187,0.999997915486561,-0.0020418184377611844,true
35.20716283470392,0.5191878356091864,-0.001502933398664136,0.9999995585743143,-0.0009396016052521982,0.6943630014683623,-0.002052160586462988,0.9999992668795167,-0.0012108841518166343,true
35.30716283619404,0.5090221626947571,-0.0015131039873534256,0.9999995493969287,-0.000949318671232485,0.6808087199972037,-0.0020805447677804084,0.999999237985285,-0.00123451563348353,true
35.407162837684155,0.521791326631786,-0.002942982892554799,0.999998303712949,-0.0018418933803882973,0.6978336918366548,-0.004059428167838161,0.9999971184867364,-0.0024006287143365826,true
35.50716283917427,0.5434173875477993,-0.003917991517817625,0.9999970285016083,-0.0024378244304338777,0.7251053654882673,-0.0053647980678054015,0.9999950517643641,-0.0031458618511898445,true
35.60716284066439,0.569852325857655,-0.004849708337737195,0.999995488859499,-0.0030037078172786094,0.759801053456455,-0.0066937935542026195,0.999992387456821,-0.0039019262431979076,true
35.7071628421545,0.5773402097678578,-0.0069590483692699885,0.9999907442368596,-0.004302492372042893,0.7697828120001399,-0.00960318299082604,0.9999844127048759,-0.0055833992589172515,true
35.80716284364462,0.5628381385052146,-0.008673836909517627,0.9999855357708131,-0.0053784987831139485,0.7504447117161601,-0.011943322328844272,0.9999756901823692,-0.00697273578262381,true
35.907162845134735,0.5394120454757754,-0.011501170677249668,0.9999742730091037,-0.007173096954208697,0.7192039217611438,-0.01587313170817427,0.9999563167727756,-0.009346900353830416,true
36.00716284662485,0.51248991214056,-0.013881852212656164,0.9999620644337059,-0.0087103210894334,0.6833622138071168,-0.01914354863632465,0.9999353435245428,-0.011371401428781524,true
36.10716284811497,0.486859331416019,-0.01593542978598916,0.9999494540304893,-0.010054321664158433,0.6505146624600912,-0.021971015318187667,0.999913531282977,-0.013150283540930853,true
36.20716284960508,0.4618809632718251,-0.01821025486961547,0.9999331985845071,-0.011558476048192526,0.6176621672474696,-0.02516765183728936,0.999884550276637,-0.015194937251839437,true
36.3071628510952,0.45482291502082284,-0.019043159888916025,0.9999267530604805,-0.012103243942219786,0.6084115587194049,-0.02627581204166067,0.9998737044480074,-0.01589261317149448,true
36.407162852585316,0.46716193480530804,-0.021551730482466256,0.999906613312581,-0.013666186511409713,0.6229103909139886,-0.02974730392941826,0.9998389889558127,-0.017944251553582424,true
36.50716285407543,0.49070317683321074,-0.02810012512360765,0.9998426404380377,-0.017739626881443742,0.6541748977436366,-0.03903368726176551,0.9997261037401927,-0.023403365152335896,true
36.60716285556555,0.4698356867451132,-0.024669961639956238,0.999872048706191,-0.015996443857446807,0.6221842077784413,-0.03546259086189424,0.9997604368684012,-0.021887642008755953,true
36.707162857055664,0.47433767824909934,-0.03217263946144255,0.9997923929671472,-0.02037574452690402,0.6323313698320866,-0.044543504691079296,0.9996400964531026,-0.026826806802743575,true
36.80716285854578,0.4296732452413101,-0.03253729486785679,0.9997832511684117,-0.020819478454577267,0.5736741758997018,-0.045142191026285,0.9996192869758495,-0.02759132301819301,true
36.907162860035896,0.4044882527406617,-0.032331579487969074,0.9997837974637758,-0.020793227957964042,0.5413010573746087,-0.04472942194411665,0.9996210554986733,-0.027527175730870407,true
37.00716286152601,0.39657319836721294,-0.032773152967866814,0.9997769235084365,-0.021121155745032896,0.5307324331920986,-0.04543972007060909,0.9996064570891038,-0.028052289492476658,true
37.10716286301613,0.4118751784013079,-0.034939457453324815,0.9997482453110289,-0.02243760231216256,0.5511222891559179,-0.04843049359664343,0.9995575387350049,-0.029744356742403385,true
37.207162864506245,0.4356321438537328,-0.03890513634622076,0.9996909288635056,-0.024860546012129912,0.5809441648913407,-0.05393299184040885,0.9994584784063372,-0.03290516588150378,true
37.30716286599636,0.46424152337558344,-0.043339767093266895,0.9996213110683102,-0.02751789341633271,0.6187677381586261,-0.060125718562832484,0.9993391581969997,-0.03634896001417263,true
37.40716286748648,0.47196042616519185,-0.04439280606723931,0.9996039323114754,-0.02814211270383409,0.6290307813135627,-0.061670432924272545,0.9993078124682974,-0.03720075187178661,true
37.50716286897659,0.4581012128543871,-0.04438724418275218,0.9996016423047362,-0.02822333611878813,0.6105517730596323,-0.061595307397853585,0.9993035222698725,-0.03731581942053945,true
37.60716287046671,0.43670693932268034,-0.04287491691231928,0.99962481755893,-0.027390219427307825,0.582236250860023,-0.05943534687612435,0.9993427504387916,-0.036250064074853657,true
37.707162871956825,0.4161002272858614,-0.04218051138413609,0.999633647784075,-0.027066034395601287,0.5565329440263733,-0.05854357757560884,0.9993547585645952,-0.035917496214236726,true
37.80716287344694,0.40141331958872306,-0.04170800599522667,0.9996394040952358,-0.02685259354553852,0.5370902278020309,-0.057902627650183905,0.9993626719817638,-0.035696636388736415,true
37.90716287493706,0.40750284496163486,-0.04278286968077738,0.9996216220344762,-0.02750659486673433,0.5451996737897064,-0.05940272064452265,0.999331893123053,-0.03654815162350716,true
38.007162876427174,0.4283951197814422,-0.04594154812926644,0.9995676304888939,-0.02940326646510924,0.5718973317656519,-0.06376103385892853,0.9992398206614235,-0.038984366155246836,true
38.10716287791729,0.45428610567225,-0.04976326047687722,0.9994983932819466,-0.03166957257064474,0.6054107366141036,-0.06907969813971224,0.9991216371667455,-0.04190410654389646,true
38.207162879407406,0.4722075051817374,-0.051887694702456584,0.999458871839901,-0.032893213593571176,0.6292624100288713,-0.07213351623866732,0.9990528384984382,-0.04351351385734881,true
38.30716288089752,0.4672789163656209,-0.05139793621200013,0.9994679325750004,-0.03261674039897929,0.6226988847986492,-0.0714129620004836,0.9990689111107582,-0.04314291195508114,true
38.40716288238764,0.4496862935774003,-0.04899893178054954,0.9995127107489207,-0.031214436585406697,0.5992715306435893,-0.0679946062978048,0.9991465538665391,-0.04130573684876284,true
38.507162883877754,0.4288516076966342,-0.04639203959632271,0.9995592480132555,-0.02968686091817948,0.5724361595553182,-0.06435479082787592,0.9992259502378713,-0.03933828124388681,true
38.60716288536787,0.40762783509468503,-0.04412566765854381,0.9995974818157728,-0.0283703074986132,0.5453475721310447,-0.061290665894682204,0.9992886828982481,-0.03771111548979213,true
38.70716288685799,0.4018946666233678,-0.04357281249011356,0.999606524783072,-0.028049877203110436,0.5377099589059317,-0.06049459126351239,0.9993045498816886,-0.03728829019619611,true
38.8071628883481,0.4184644278087084,-0.04574849374628369,0.9995694085033779,-0.029342760337212424,0.5594621037985521,-0.06353880580757035,0.9992407217341256,-0.03896126317592711,true
38.90716288983822,0.4421368192464208,-0.04909124227469054,0.9995093184209504,-0.031322873266788384,0.5892257482429418,-0.06805501427319954,0.9991411896514424,-0.04143528860645703,true
39.007162891328335,0.47152590430568025,-0.052194038905661724,0.999452316893133,-0.03309178533939315,0.628358138458519,-0.0725518923993082,0.9990414579202579,-0.043774026049309966,true
39.10716289281845,0.47861863390416104,-0.05336542104831167,0.9994292358817385,-0.03378168830660229,0.6377923032608173,-0.07421218667126225,0.9990015453857232,-0.044675634488353974,true
39.20716289430857,0.46573595872895757,-0.05196014969077026,0.9994557997078969,-0.032986427970429416,0.6206298418960766,-0.07221855099359695,0.9990466477367785,-0.043655419433389756,true
39.30716289579868,0.4448433001283151,-0.04891861927794831,0.9995132889769766,-0.031195915733104516,0.5928154591942971,-0.06785431864840541,0.9991475183444988,-0.04128240043928474,true
39.4071628972888,0.42361948048184117,-0.04597521361384051,0.9995660823152274,-0.029455849758376472,0.5659026739696907,-0.06383941259329716,0.9992357564736921,-0.03908839961482584,true
39.507162898778915,0.4013141084898918,-0.04299958085760826,0.9996167201736057,-0.02768416062233479,0.5369434436808382,-0.05969006455714622,0.9993227064955459,-0.036798482066753006,true
39.60716290026903,0.3958222535626743,-0.042094982467763394,0.9996317512004472,-0.027135990712100357,0.5296281283655306,-0.05843654909560378,0.9993484683482532,-0.036092087914117776,true
39.70716290175915,0.4127016452231977,-0.04390797857759646,0.9996022847185645,-0.02820057420383408,0.552112897197142,-0.06103405178095231,0.9992967430735638,-0.03749692364138634,true
39.807162903249264,0.4368647865233797,-0.04669259748693704,0.9995548902027719,-0.029833227645106018,0.5824158985849573,-0.06482217896548176,0.999217754642246,-0.039545907597477836,true
39.90716290473938,0.465986697262028,-0.04979532862602097,0.9995002092198956,-0.03161220918229139,0.6209985561204284,-0.06922480808983808,0.9991240757407451,-0.04184592304157964,true
40.007162906229496,0.47554380432085747,-0.05084980394917103,0.9994808623891116,-0.03221809612496858,0.6337140621340834,-0.07079536344140061,0.9990889259426996,-0.042676903105342986,true
40.10716290771961,0.4634631335215754,-0.04905130179967164,0.9995145190670176,-0.03115647884836163,0.6176367893474524,-0.06817035597291826,0.9991492654399416,-0.04124009421455161,true
40.20716290920973,0.44277408294415893,-0.046425851875458335,0.9995611432934324,-0.029622977870671058,0.5900819156555871,-0.06443003095115718,0.9992301145821709,-0.03923236052166145,true
40.307162910699844,0.42291523148584886,-0.04413851685028291,0.9995999183369082,-0.028284328891567605,0.5652498687878559,-0.06132628672239529,0.9992944650613149,-0.03755758375908287,true
40.40716291218996,0.40660073511348355,-0.042403245581450554,0.9996280750369805,-0.02727107621383671,0.5439951010525941,-0.05892378857780002,0.9993419734300442,-0.036271478339667707,true
40.50716291368008,0.40974158753872003,-0.04157521887724709,0.9996429511091333,-0.026720222637976767,0.5481929855478371,-0.05778554370507616,0.9993684035952288,-0.03553581145160091,true
40.60716291517019,0.42949893553830637,-0.042610821474150906,0.9996281489649234,-0.027268366231970955,0.5734724553706121,-0.05919658501445246,0.9993449804429781,-0.03618853497205584,true
40.70716291666031,0.4551460119667718,-0.04478583794288367,0.9995936765751966,-0.028504065514962016,0.6066084688311243,-0.062272710029660824,0.9992859871676877,-0.037782480732474914,true
40.807162918150425,0.47662472001783557,-0.04930230588999644,0.9995118180127778,-0.031243009662833457,0.6351547316076016,-0.06882425308664829,0.9991382953070137,-0.04150502199728095,true
40.90716291964054,0.4748719171916335,-0.046964057516763066,0.9995569153619305,-0.029765297783533935,0.6328615332968412,-0.06544594796947256,0.9992206670369045,-0.03947225058599547,true
41.00716292113066,0.4590222897746355,-0.04418584836813175,0.9996051964998794,-0.02809717299725107,0.61176918266519,-0.0614379386393643,0.9993067812217868,-0.03722844348279851,true
41.10716292262077,0.43717902601342723,-0.041337582487711515,0.9996510994272247,-0.02641362174978837,0.5826731294402175,-0.057411160824266075,0.999386197002458,-0.035031831824272476,true
41.20716292411089,0.4160995356728673,-0.038989250980913916,0.9996867457847906,-0.025028190150620192,0.5560771720139407,-0.054220524331167926,0.9994456339060679,-0.033293015274951945,true
41.307162925601006,0.3950011193790578,-0.03641505007690792,0.9997242649768666,-0.023481780521584002,0.5285913944856596,-0.050588843030873604,0.9995112732739014,-0.0312604318329798,true
41.40716292709112,0.39170408054677264,-0.035464774060232435,0.99973802741793,-0.02288834931807145,0.5242001728370191,-0.049303050605279355,0.9995346343963295,-0.03050433808814618,true
41.50716292858124,0.4097264972047995,-0.03816928864034316,0.9996988301024373,-0.024540763880088738,0.5480685875303977,-0.053186347897712816,0.9994641885659709,-0.03273126600309713,true
41.607162930071354,0.4340396738309893,-0.04001354755225718,0.9996724917291884,-0.02559119536003987,0.5785227985360502,-0.05565398984219275,0.9994215868292985,-0.03400723128405281,true
41.70716293156147,0.46434960286452853,-0.039556293159818366,0.9996840942964199,-0.025133873771198485,0.6189420853277231,-0.05515706898539157,0.9994424095938335,-0.03338966764243135,true
41.807162933051586,0.4727576523533308,-0.040779809689739266,0.9996654030632244,-0.02586661783923869,0.630105030671754,-0.05693379602795752,0.9994087721325162,-0.03438177110877539,true
41.9071629345417,0.4597457328792772,-0.036959506579906834,0.9997236131919267,-0.023509513531310786,0.6127979902179945,-0.051545138951891695,0.9995114981115457,-0.03125324211683466,true
42.00716293603182,0.4404592581854234,-0.03384880270335001,0.9997662552025396,-0.021620244177403332,0.5878842360858139,-0.04718974715653387,0.9995858528859813,-0.028777121298095464,true
42.107162937521935,0.42016409802195587,-0.028285617860425133,0.9998353910080093,-0.01814361837840323,0.562213927974828,-0.0394228391885762,0.999707661777093,-0.024178316404937835,true
42.20716293901205,0.4145438146080704,-0.02560190769745465,0.9998647762579231,-0.016444731639443794,0.5547386799958183,-0.03570453810187404,0.999759242655619,-0.021942122154959595,true
42.30716294050217,0.4310465098921513,-0.023792050190060608,0.9998840722789861,-0.015226358815926516,0.5767576387443105,-0.033200575313289016,0.9997940183256256,-0.020295835048069644,true
42.40716294199228,0.45756811451693924,-0.024816130354330022,0.9998752586845973,-0.015794526596571466,0.6116284919473679,-0.03472217649001165,0.9997781439323373,-0.021063307318904607,true
42.5071629434824,0.4870505650072007,-0.02261710771066032,0.999897695350356,-0.014303804845097443,0.6501008660101737,-0.031664457466893975,0.9998187477862343,-0.019038686277324957,true
42.607162944972515,0.5158251483559599,-0.02407069851195177,0.9998855074252757,-0.015131822127523249,0.6878040346521164,-0.03376683207834616,0.9997972999346374,-0.020133530326513643,true
42.70716294646263,0.5308583658782796,-0.020810043721738242,0.9999149670108199,-0.013040657489208244,0.7078355455733363,-0.02923131923164208,0.9998494523824408,-0.017351442894848943,true
42.80716294795275,0.5224534171250675,-0.018054952797267983,0.9999357387044266,-0.01133659832721687,0.6966256057100149,-0.02537087247910446,0.9998859394446621,-0.01510324802370731,true
42.90716294944286,0.5051710892161736,-0.013429814468597985,0.9999642096144126,-0.008460466312399467,0.6754935668225392,-0.018862366274320364,0.9999364301499527,-0.011275444956574038,true
43.00716295093298,0.4813897010557674,-0.010942494486025599,0.9999759848026324,-0.00693035482537415,0.6439470733174822,-0.015369028325244179,0.9999571468093648,-0.009257674917305284,true
43.107162952423096,0.47320592070691636,-0.00820453816852307,0.9999864684866915,-0.0052021960281411,0.6330444188018862,-0.011468609585823951,0.9999760715372256,-0.0069178286316916625,true
43.20716295391321,0.4876171004618438,-0.005529722822439586,0.9999939017564525,-0.003492341607908484,0.6522650894052026,-0.007694295282645764,0.9999893579803499,-0.004613450557622859,true
43.30716295540333,0.5127143747744214,-0.004001002205321288,0.9999968495518594,-0.002510156639682536,0.6857302710771354,-0.005535446020361196,0.9999946007970669,-0.0032860883607568146,true
43.407162956893444,0.5427019733284895,-0.003306900459876882,0.9999978770320047,-0.0020605658163930117,0.725714285075991,-0.004576594437937493,0.9999963816574515,-0.0026901063184342567,false
43.50716295838356,0.5726246942845077,-0.0016224942304898498,0.9999995010919571,-0.0009989073214698625,0.7639544792188034,-0.002176115661949356,0.999999213013807,-0.0012545803149569216,false
43.607162959873676,0.6036106496197873,-0.00032589245357793323,0.9999999813868838,-0.00019294100660311426,0.8048522800044828,-0.000362643911486389,0.9999999816683597,-0.00019147657917867474,false
43.70716296136379,0.6123220369632703,-0.0003210644826549453,0.9999999814515014,-0.00019260580728646114,0.8164293986184022,-0.0003922659717073874,0.9999999768665502,-0.00021509741779888723,false
43.80716296285391,0.5976122251124878,0.002068255610599355,0.9999991765046562,0.0012833510858397525,0.7968154155352323,0.0029823390874579012,0.9999984726877719,0.0017477477287949834,false
43.907162964344025,0.5751243390598142,0.0022365772753964045,0.9999990301037421,0.0013927640054774205,0.7678969355733919,0.003208562301052258,0.9999982159453513,0.0018889431210603613,false
44.00716296583414,0.5492287465785979,0.004208169910875463,0.9999965371188332,0.002631682036649116,0.7344144704466109,0.0059975815224399456,0.9999936986481592,0.003550023094936346,false
44.10716296732426,0.537398448981464,0.0032385332567084653,0.9999979417940663,0.0020288932035027155,0.7186421655130115,0.004594350176845889,0.9999962850126763,0.00272579545198651,false
44.20716296881437,0.5484242426793547,0.003605428662834398,0.9999974621045494,0.0022529501681588767,0.7333428706037349,0.005110849859862341,0.9999954371122636,0.0030208864018493584,false
44.30716297030449,0.5706793614746803,0.003252673340577299,0.9999979547458077,0.002022499493578659,0.7624954294677226,0.004607893856986043,0.9999963422455567,0.0027047172694390797,false
44.407162971794605,0.5953878599444478,0.002960679968760275,0.9999983238892841,0.0018309065029356417,0.7938502501785354,0.004185608075863441,0.9999970266906716,0.0024385671645847343,false
44.50716297328472,0.6197263744075461,0.0035709514163616506,0.9999975853890104,0.00219754775802211,0.8262999137710819,0.005062278954054625,0.9999957098666729,0.002929206078271634,false
44.60716297477484,0.6201667274449625,0.002474693798113887,0.9999988437613377,0.0015206827373607334,0.8268881608235701,0.0034848990617005896,0.9999979770012379,0.0020114654935167843,false
44.707162976264954,0.6021539430906175,0.0023503763346804604,0.9999989465910686,0.0014514877723366556,0.8028711023823483,0.0033248072027167027,0.9999981312232676,0.0019332744172601722,false
44.80716297775507,0.5780791709174713,0.0021319286248111112,0.9999991229175959,0.0013244485792518678,0.7718394828469763,0.003030105809208686,0.9999984212467998,0.0017769366639774705,false
44.907162979245186,0.5512661084865744,0.0015202171583535294,0.9999995488449688,0.0009498999204902752,0.7371337630823024,0.0021624246045895204,0.9999991829412845,0.001278325765729867,false
45.0071629807353,0.5388023761225295,0.0013355495805520592,0.9999996501136847,0.0008365240630704494,0.7205155505618974,0.00189570111778674,0.9999993678737932,0.0011243896184127767,false
45.10716298222542,0.5494676800068017,0.001049840289424119,0.9999997839667016,0.0006573176934172666,0.7347360365038993,0.0015071534407355086,0.99999960040834,0.0008939704470458846,false
45.207162983715534,0.5717489913320426,0.000743240082160828,0.9999998927619187,0.0004631156994947898,0.7640666737796625,0.0010670224109311848,0.9999998023916603,0.0006286625807454024,false
45.30716298520565,0.5965999458237485,9.929004871959567e-05,0.9999999980249471,6.284986710548143e-05,0.7954681209768065,0.00015858424448886164,0.9999999954059249,9.585483923560525e-05,false
45.40716298669577,0.6242278028356267,0.00016264523905594566,0.9999999947146658,0.00010281375509011827,0.8323037204700718,0.00026349957732386227,0.9999999873820455,0.00015885814032636034,false
45.50716298818588,0.6285580065035449,-0.00015183689848336754,0.9999999959004182,-9.05492325829317e-05,0.8380773458121159,-0.00018355659785152382,0.9999999950458572,-9.954037134616118e-05,false
45.607162989676,0.6118772744276872,-0.0005716856100216405,0.9999999388849878,-0.0003496141022832394,0.8158363519171549,-0.0007767921900197506,0.9999999014393023,-0.00044398354221937076,false
45.707162991166115,0.586360780234344,-0.0009355565665308713,0.9999998333989658,-0.0005772365550776488,0.7820974280744322,-0.001292317282438766,0.9999997193709073,-0.0007491716136503279,false
45.80716299265623,0.5599555002290706,-0.001198294896777976,0.9999997229480272,-0.0007443815343980338,0.7487198710893022,-0.0016665002943373074,0.9999995241954152,-0.0009755044558588303,false
45.90716299414635,0.5361810456269078,-0.001302725629164934,0.9999996695776459,-0.0008129234890983416,0.7170205894257802,-0.0018021104062153166,0.9999994366557845,-0.0010614556578378124,false
46.00716299563646,0.532184409418165,-0.0013945422306557418,0.9999996201747507,-0.0008715792300824994,0.7116916945116757,-0.0019365805620666686,0.9999993461662692,-0.001143532699239146,true
46.10716299712658,0.5478157187264244,-0.0015101696583095623,0.9999995576108599,-0.0009406264319013172,0.7325334051263065,-0.0020990870072204945,0.9999992393061787,-0.0012334452009965349,true
46.207162998616695,0.5721350847518194,-0.0014200183718899857,0.9999996133215029,-0.0008794070983339704,0.7643247339981531,-0.001970034994526333,0.9999993408980878,-0.001148130388898572,true
46.30716300010681,0.5978115653468694,-0.0017852827054210493,0.9999993940833716,-0.0011008328163951188,0.7970823439661399,-0.0024918161130346485,0.9999989568030734,-0.0014444351023960324,true
46.40716300159693,0.6196572292879132,-0.002053607106085471,0.9999992049372745,-0.00126100151425539,0.8262091354182196,-0.002878173961879787,0.9999986240807103,-0.0016588660844663956,true
46.507163003087044,0.6170078265312033,-0.0021138842782281193,0.9999991570996656,-0.0012983835944417568,0.8226765843931878,-0.002958091403574643,0.9999985456963889,-0.0017054633116141713,true
46.60716300457716,0.5973108462798566,-0.002316595526220565,0.999998977156444,-0.0014302748217226865,0.7964137646059177,-0.003253796054751429,0.9999982131274674,-0.0018904343078747507,true
46.707163006067276,0.5727090709003582,-0.0021494283652036886,0.9999991114768062,-0.0013330587376899968,0.764958041046041,-0.0030079303520028663,0.999998455054143,-0.0017578081030713978,true
46.80716300755739,0.5447527699179244,-0.0019861864174615324,0.9999992318588692,-0.0012394683019867209,0.7284492125606088,-0.002780346461462497,0.9999986568317809,-0.00163900415925123,true
46.90716300904751,0.5321978475738701,-0.0018338722271013094,0.9999993416542209,-0.0011474716226334556,0.7117093909833493,-0.0025645024263026206,0.9999988485871807,-0.0015175059515220202,true
47.007163010537624,0.5431708199056047,-0.0017886070848836364,0.999999376086825,-0.0011170613057699503,0.7263400151239543,-0.0025102130901112525,0.9999989022828648,-0.001481699384317916,true
47.10716301202774,0.565843505415021,-0.001812539535324407,0.9999993658349482,-0.0011262014479615685,0.7564367685822384,-0.002543065673068068,0.9999988898703231,-0.001490053059873095,true
47.20716301351786,0.5910359573767131,-0.00195314223384031,0.999999270552243,-0.00120784725105844,0.7881020811392323,-0.002746728742441224,0.9999987205017024,-0.001599685893573703,true
47.30716301500797,0.6203209981062695,-0.0015732877431303845,0.9999995341192597,-0.0009652778167940925,0.8270943894621607,-0.0021980313546863923,0.9999991997132491,-0.0012651374871356794,true
47.40716301649809,0.6268237625855779,-0.0012056553956449369,0.9999997272443958,-0.0007385872555138045,0.8357648584085501,-0.0016838544407523706,0.9999995324365015,-0.0009670195335377348,true
47.507163017988205,0.6112261251333052,-0.0012560694434022074,0.9999997012894809,-0.0007729301061287423,0.8149679705591051,-0.0017625848978347553,0.9999994807099053,-0.0010191074132621402,true
47.60716301947832,0.5859203059113532,-0.0010082661962323822,0.999999805871051,-0.0006231034107148971,0.7812269645393011,-0.0014039008994553013,0.9999996668162336,-0.0008163133110158492,true
47.70716302096844,0.5597869756197924,-0.0011511455345728473,0.9999997435248301,-0.000716205469054795,0.7483485626338747,-0.001614256533091036,0.9999995510374479,-0.0009475889946378217,true
47.80716302245855,0.5303478666754078,-0.0012617996405936012,0.9999996880728512,-0.0007898444152247375,0.7092429761687219,-0.001763907038852615,0.9999994546938137,-0.0010443237406663932,true
47.90716302394867,0.5179781208784402,-0.0013053231895326486,0.9999996640287123,-0.0008197209662106384,0.6927499487094945,-0.001829533094198984,0.9999994076887834,-0.0010884034557588637,true
48.007163025438786,0.5293800108786362,-0.0012166040886681,0.9999997092985825,-0.0007624977052701856,0.7079524875878871,-0.0017112096294431855,0.9999994845727215,-0.0010153099484452946,true
48.1071630269289,0.5520644660634724,-0.0007037048395129105,0.9999999039101753,-0.0004383829834147105,0.7376688317384723,-0.000983855016688867,0.9999998326188466,-0.0005785864488120491,true
48.20716302841902,0.5771278239205884,-0.0006592835540352348,0.9999999163219144,-0.0004090918775066323,0.7695037041418309,-0.0009279679565082241,0.9999998525271033,-0.0005430891009276455,true
48.307163029909134,0.6013467081523277,4.81218737760464e-05,0.999999999552365,2.992106388188112e-05,0.8017956110251778,6.253210698336775e-05,0.9999999993572274,3.585449990875844e-05,true
48.40716303139925,0.576805118932448,-0.0010301438472245226,0.9999997899798808,-0.0006481050795691958,0.7649463723308406,-0.0014557392121149245,0.9999996282384813,-0.0008622777390299833,true
48.507163032889366,0.5424768955461894,-0.0005137077729589319,0.9999999465052133,-0.0003270926024820894,0.7109920671235972,-0.0006988387352809683,0.9999999123075275,-0.0004187898486581461,true
48.60716303437948,0.4860001979397207,-0.0017907841039387492,0.9999993333180216,-0.001154713606235491,0.6356258430103665,-0.002532670205807651,0.999998789260686,-0.0015561096240675454,true
48.7071630358696,0.41447248817433785,-0.0029464831552684944,0.9999981942907025,-0.0019003724199170061,0.5485464925681187,-0.003977014187715629,0.9999970048600364,-0.002447503004335344,true
48.807163037359715,0.3231785283752465,-0.002642205864926333,0.9999984972042085,-0.0017336635557615172,0.4268422284368994,-0.0035314468793793334,0.9999975044147946,-0.002234091355046735,true
48.90716303884983,0.2547474600447171,-0.0005200193296842979,0.9999999405539094,-0.0003448074502164703,0.33969838697780036,-0.0006818288926269221,0.9999999039584447,-0.00043827286163526647,true
49.00716304033995,0.12345548797939968,-0.00041425313204485113,0.9999999585040811,-0.00028808303687094376,0.160940901227842,-0.0006215638373640631,0.9999999089705238,-0.0004266836581192085,true
49.10716304183006,0.032370048773173066,-0.00024013246056649455,0.9999999858732374,-0.00016808784944426298,0.0452726912965853,-0.0003364510193920416,0.9999999725067262,-0.00023449210391549228,true
49.20716304332018,3.871317833670907e-05,-1.4870036293162715e-07,0.9999999999999944,-1.0487902296409605e-07,3.871317833670907e-05,-1.4870036293162715e-07,0.9999999999999944,-1.0487902296409605e-07,true
49.307163044810295,0.00326009747446804,-1.318499290699148e-05,0.9999999999568097,-9.294126283383064e-06,0.0064594696103953565,-2.5816732189372485e-05,0.9999999998347006,-1.8182375320692507e-05,true
49.40716304630041,2.062083025241564e-05,-5.2618157366551485e-08,0.9999999999999993,-3.7111818868340104e-08,2.062083025241564e-05,-5.2618157366551485e-08,0.9999999999999993,-3.7111818868340104e-08,true
49.50716304779053,1.0696871045005063e-05,0.0,1.0,0.0,1.0696871045005063e-05,0.0,1.0,0.0,true
49.60716304928064,6.200818636049191e-06,0.0,1.0,0.0,6.200818636049191e-06,0.0,1.0,0.0,true
49.70716305077076,3.318847585466806e-06,0.0,1.0,0.0,3.318847585466806e-06,0.0,1.0,0.0,true
49.807163052260876,1.7337811401310316e-06,0.0,1.0,0.0,1.7337811401310316e-06,0.0,1.0,0.0,true
49.90716305375099,4.6452451040559154e-07,0.0,1.0,0.0,4.6452451040559154e-07,0.0,1.0,0.0,true
50.00716305524111,5.327666316624118e-07,0.0,1.0,0.0,5.327666316624118e-07,0.0,1.0,0.0,true
50.107163056731224,3.439241128135617e-07,0.0,1.0,0.0,3.439241128135617e-07,0.0,1.0,0.0,true
50.20716305822134,1.9337544396047325e-07,0.0,1.0,0.0,1.9337544396047325e-07,0.0,1.0,0.0,true
50.307163059711456,0.0,0.0,1.0,0.0,0.0,0.0,1.0,0.0,true
50.40716306120157,5.9117245982288076e-08,0.0,1.0,0.0,5.9117245982288076e-08,0.0,1.0,0.0,true
50.50716306269169,3.89582233983784e-08,0.0,1.0,0.0,3.89582233983784e-08,0.0,1.0,0.0,true
50.607163064181805,2.3482783239147215e-08,0.0,1.0,0.0,2.3482783239147215e-08,0.0,1.0,0.0,true
50.70716306567192,1.3142349948349481e-08,0.0,1.0,0.0,1.3142349948349481e-08,0.0,1.0,0.0,true
50.80716306716204,9.140488544329897e-09,0.0,1.0,0.0,9.140488544329897e-09,0.0,1.0,0.0,true
50.90716306865215,3.6725576067271357e-09,0.0,1.0,0.0,3.6725576067271357e-09,0.0,1.0,0.0,true
51.00716307014227,3.1105633806258087e-09,0.0,1.0,0.0,3.1105633806258087e-09,0.0,1.0,0.0,true
51.107163071632385,5.564007916040179e-09,0.0,1.0,0.0,5.564007916040179e-09,0.0,1.0,0.0,true
51.2071630731225,2.4709422050004235e-09,0.0,1.0,0.0,2.4709422050004235e-09,0.0,1.0,0.0,true
51.30716307461262,5.4481267586620965e-09,0.0,1.0,0.0,5.4481267586620965e-09,0.0,1.0,0.0,true
51.407163076102734,3.4648827377358875e-09,0.0,1.0,0.0,3.4648827377358875e-09,0.0,1.0,0.0,true
51.50716307759285,3.5185263136776745e-09,0.0,1.0,0.0,3.5185263136776745e-09,0.0,1.0,0.0,true
51.607163079082966,0.0,0.0,1.0,0.0,0.0,0.0,1.0,0.0,true
51.70716308057308,0.0,0.0,1.0,0.0,0.0,0.0,1.0,0.0,true
51.8071630820632,0.0,0.0,1.0,0.0,0.0,0.0,1.0,0.0,true
51.907163083553314,0.0,0.0,1.0,0.0,0.0,0.0,1.0,0.0,true
52.00716308504343,0.0,0.0,1.0,0.0,0.0,0.0,1.0,0.0,true
52.10716308653355,0.0,0.0,1.0,0.0,0.0,0.0,1.0,0.0,true
52.20716308802366,0.0,0.0,1.0,0.0,0.0,0.0,1.0,0.0,true
52.30716308951378,0.0,0.0,1.0,0.0,0.0,0.0,1.0,0.0,true
52.407163091003895,0.0,0.0,1.0,0.0,0.0,0.0,1.0,0.0,true
52.50716309249401,0.0,0.0,1.0,0.0,0.0,0.0,1.0,0.0,true
52.60716309398413,0.0,0.0,1.0,0.0,0.0,0.0,1.0,0.0,true
52.70716309547424,0.0,0.0,1.0,0.0,0.0,0.0,1.0,0.0,true
52.80716309696436,0.0,0.0,1.0,0.0,0.0,0.0,1.0,0.0,true
52.907163098454475,0.0,0.0,1.0,0.0,0.0,0.0,1.0,0.0,true
53.00716309994459,0.0,0.0,1.0,0.0,0.0,0.0,1.0,0.0,true
53.10716310143471,0.0,0.0,1.0,0.0,0.0,0.0,1.0,0.0,true
53.207163102924824,0.0,0.0,1.0,0.0,0.0,0.0,1.0,0.0,true
53.30716310441494,0.0,0.0,1.0,0.0,0.0,0.0,1.0,0.0,true
53.407163105905056,0.0,0.0,1.0,0.0,0.0,0.0,1.0,0.0,true
53.50716310739517,0.0,0.0,1.0,0.0,0.0,0.0,1.0,0.0,true
53.60716310888529,0.0,0.0,1.0,0.0,0.0,0.0,1.0,0.0,true
53.707163110375404,0.0,0.0,1.0,0.0,0.0,0.0,1.0,0.0,true
53.80716311186552,0.0,0.0,1.0,0.0,0.0,0.0,1.0,0.0,true
53.90716311335564,0.0,0.0,1.0,0.0,0.0,0.0,1.0,0.0,true
54.00716311484575,0.0,0.0,1.0,0.0,0.0,0.0,1.0,0.0,true
54.10716311633587,0.0,0.0,1.0,0.0,0.0,0.0,1.0,0.0,true
54.207163117825985,0.0,0.0,1.0,0.0,0.0,0.0,1.0,0.0,true
54.3071631193161,0.0,0.0,1.0,0.0,0.0,0.0,1.0,0.0,true
54.40716312080622,0.0,0.0,1.0,0.0,0.0,0.0,1.0,0.0,true
54.50716312229633,0.0,0.0,1.0,0.0,0.0,0.0,1.0,0.0,true
54.60716312378645,0.0,0.0,1.0,0.0,0.0,0.0,1.0,0.0,true
54.707163125276566,0.0,0.0,1.0,0.0,0.0,0.0,1.0,0.0,true
54.80716312676668,0.0,0.0,1.0,0.0,0.0,0.0,1.0,0.0,true
54.9071631282568,0.0,0.0,1.0,0.0,0.0,0.0,1.0,0.0,true
55.007163129746914,0.0,0.0,1.0,0.0,0.0,0.0,1.0,0.0,true
55.10716313123703,0.0,0.0,1.0,0.0,0.0,0.0,1.0,0.0,true
55.207163132727146,0.0,0.0,1.0,0.0,0.0,0.0,1.0,0.0,true
55.30716313421726,0.0,0.0,1.0,0.0,0.0,0.0,1.0,0.0,true
55.40716313570738,0.0,0.0,1.0,0.0,0.0,0.0,1.0,0.0,true
55.507163137197495,0.0,0.0,1.0,0.0,0.0,0.0,1.0,0.0,true
55.60716313868761,0.0,0.0,1.0,0.0,0.0,0.0,1.0,0.0,true
55.70716314017773,0.0,0.0,1.0,0.0,0.0,0.0,1.0,0.0,true
55.80716314166784,0.0,0.0,1.0,0.0,0.0,0.0,1.0,0.0,true
55.90716314315796,0.0,0.0,1.0,0.0,0.0,0.0,1.0,0.0,true
56.007163144648075,0.0,0.0,1.0,0.0,0.0,0.0,1.0,0.0,true
56.10716314613819,0.0,0.0,1.0,0.0,0.0,0.0,1.0,0.0,true
56.20716314762831,0.0,0.0,1.0,0.0,0.0,0.0,1.0,0.0,true
56.30716314911842,0.0,0.0,1.0,0.0,0.0,0.0,1.0,0.0,true
56.40716315060854,0.0,0.0,1.0,0.0,0.0,0.0,1.0,0.0,true
56.507163152098656,0.0,0.0,1.0,0.0,0.0,0.0,1.0,0.0,true
56.60716315358877,0.0,0.0,1.0,0.0,0.0,0.0,1.0,0.0,true
56.70716315507889,0.0,0.0,1.0,0.0,0.0,0.0,1.0,0.0,true
56.807163156569004,0.0,0.0,1.0,0.0,0.0,0.0,1.0,0.0,true
56.90716315805912,0.0,0.0,1.0,0.0,0.0,0.0,1.0,0.0,true
57.007163159549236,0.0,0.0,1.0,0.0,0.0,0.0,1.0,0.0,true
57.10716316103935,0.0,0.0,1.0,0.0,0.0,0.0,1.0,0.0,true
57.20716316252947,0.0,0.0,1.0,0.0,0.0,0.0,1.0,0.0,true
57.307163164019585,0.0,0.0,1.0,0.0,0.0,0.0,1.0,0.0,true
57.4071631655097,0.0,0.0,1.0,0.0,0.0,0.0,1.0,0.0,true
57.50716316699982,0.0,0.0,1.0,0.0,0.0,0.0,1.0,0.0,true
57.60716316848993,0.0,0.0,1.0,0.0,0.0,0.0,1.0,0.0,true
57.70716316998005,0.0,0.0,1.0,0.0,0.0,0.0,1.0,0.0,true
57.807163171470165,0.0,0.0,1.0,0.0,0.0,0.0,1.0,0.0,true
57.90716317296028,0.0,0.0,1.0,0.0,0.0,0.0,1.0,0.0,true
58.0071631744504,0.0,0.0,1.0,0.0,0.0,0.0,1.0,0.0,true
58.107163175940514,0.0,0.0,1.0,0.0,0.0,0.0,1.0,0.0,true
58.20716317743063,0.0,0.0,1.0,0.0,0.0,0.0,1.0,0.0,true
58.307163178920746,0.0,0.0,1.0,0.0,0.0,0.0,1.0,0.0,true
58.40716318041086,0.0,0.0,1.0,0.0,0.0,0.0,1.0,0.0,true
58.50716318190098,0.0,0.0,1.0,0.0,0.0,0.0,1.0,0.0,true
58.607163183391094,0.0,0.0,1.0,0.0,0.0,0.0,1.0,0.0,true
58.70716318488121,0.0,0.0,1.0,0.0,0.0,0.0,1.0,0.0,true
58.807163186371326,0.0,0.0,1.0,0.0,0.0,0.0,1.0,0.0,true
58.90716318786144,0.0,0.0,1.0,0.0,0.0,0.0,1.0,0.0,true
59.00716318935156,0.0,0.0,1.0,0.0,0.0,0.0,1.0,0.0,true
59.107163190841675,0.0,0.0,1.0,0.0,0.0,0.0,1.0,0.0,true
59.20716319233179,0.0,0.0,1.0,0.0,0.0,0.0,1.0,0.0,true
59.30716319382191,0.0,0.0,1.0,0.0,0.0,0.0,1.0,0.0,true
59.40716319531202,0.0,0.0,1.0,0.0,0.0,0.0,1.0,0.0,true
59.50716319680214,0.0,0.0,1.0,0.0,0.0,0.0,1.0,0.0,true
59.607163198292255,0.0,0.0,1.0,0.0,0.0,0.0,1.0,0.0,true
59.70716319978237,0.0,0.0,1.0,0.0,0.0,0.0,1.0,0.0,true
59.80716320127249,0.0,0.0,1.0,0.0,0.0,0.0,1.0,0.0,true
59.907163202762604,0.0,0.0,1.0,0.0,0.0,0.0,1.0,0.0,true
60.00716320425272,0.0,0.0,1.0,0.0,0.0,0.0,1.0,0.0,true
60.107163205742836,0.0,0.0,1.0,0.0,0.0,0.0,1.0,0.0,true
60.20716320723295,0.0,0.0,1.0,0.0,0.0,0.0,1.0,0.0,true
60.30716320872307,0.0,0.0,1.0,0.0,0.0,0.0,1.0,0.0,true
60.407163210213184,0.0,0.0,1.0,0.0,0.0,0.0,1.0,0.0,true
60.5071632117033,0.0,0.0,1.0,0.0,0.0,0.0,1.0,0.0,true
60.60716321319342,0.0,0.0,1.0,0.0,0.0,0.0,1.0,0.0,true
60.70716321468353,0.0,0.0,1.0,0.0,0.0,0.0,1.0,0.0,true
60.80716321617365,0.0,0.0,1.0,0.0,0.0,0.0,1.0,0.0,true
60.907163217663765,0.0,0.0,1.0,0.0,0.0,0.0,1.0,0.0,true
61.00716321915388,0.0,0.0,1.0,0.0,0.0,0.0,1.0,0.0,true
61.107163220644,0.0,0.0,1.0,0.0,0.0,0.0,1.0,0.0,true
61.20716322213411,0.0,0.0,1.0,0.0,0.0,0.0,1.0,0.0,true
61.30716322362423,0.0,0.0,1.0,0.0,0.0,0.0,1.0,0.0,true
61.407163225114346,0.0,0.0,1.0,0.0,0.0,0.0,1.0,0.0,true
61.50716322660446,0.0,0.0,1.0,0.0,0.0,0.0,1.0,0.0,true
61.60716322809458,0.0031682698922621683,6.929633031236475e-05,0.999999998806948,4.884776397079269e-05,0.006336591866168062,0.00013643801185065095,0.9999999953829781,9.609393166896405e-05,true
61.707163229584694,0.003168898613569198,2.9248232356935445e-05,0.9999999997874552,2.061769985525866e-05,0.006337810874321356,5.6980125004126286e-05,0.9999999991947496,4.013104470590881e-05,true
61.80716323107481,0.009395046059521125,0.00012123141525501448,0.9999999963598026,8.532522917036026e-05,0.01463921991532784,0.00019052455305546565,0.9999999910377529,0.00013388238918585557,true
61.907163232564926,0.009896185386315268,9.182522958122729e-05,0.9999999979122611,6.46179357989698e-05,0.015307521801073315,0.00014094590261145754,0.9999999950978822,9.901633995815103e-05,true
62.00716323405504,0.02784219859131045,0.000375296138228716,0.9999999654161765,0.00026299742546786765,0.039235355583528274,0.0005341938995665268,0.999999930452149,0.0003729553554174266,true
62.10716323554516,0.06538323435142622,0.00021797425432683613,0.9999999885425175,0.00015137689684083103,0.08929032634461746,0.0002966480548565153,0.999999979128019,0.00020431339090244571,true
62.207163237035275,0.09532803947635754,0.00038873918856662773,0.9999999640301158,0.00026821589620356246,0.12921668601641828,0.0005359838198138825,0.999999933147356,0.00036565733054913464,true
62.30716323852539,0.1344985666948042,0.00020240814214690393,0.9999999904537062,0.00013817592910156452,0.18144411670525543,0.00026758875319212046,0.9999999838767739,0.00017957297118754856,true
62.40716324001551,0.2082638079948242,0.0003436122453003217,0.9999999734721311,0.00023033831028602798,0.27979778015371215,0.00045103342264590584,0.999999956640285,0.000294481626080122,true
62.50716324150562,0.2681306178746704,-0.0004033223546043111,0.9999999635732182,-0.00026991399071572353,0.35962004295461963,-0.0006137599165840923,0.9999999196317587,-0.00040091953821801656,true
62.60716324299574,0.3153017694856999,-0.0011538866736802206,0.9999997106163203,-0.0007607675568947327,0.4225145386065035,-0.0016661226716717208,0.9999994333960928,-0.0010645221901722831,true
62.707163244485855,0.3569577737095132,-0.00029357035809869734,0.9999999811737175,-0.00019404268806017994,0.4780563074869806,-0.00046627437617093135,0.9999999552162949,-0.0002992781452640669,true
62.80716324597597,0.3959980606506491,-0.0010219928993496629,0.9999997816374881,-0.0006608517050590233,0.5301098549715659,-0.001452752608233808,0.9999995930548793,-0.0009021585647216291,true
62.90716324746609,0.4336665581388399,-0.0014215373490365454,0.9999995902884292,-0.0009052198482234861,0.5803346990443755,-0.0019191646991091927,0.9999993242300977,-0.0011625572450000479,true
63.0071632489562,0.46737836731466603,-0.0023454728772454533,0.9999989025609141,-0.001481511716964552,0.6231970233620838,-0.0031519247819740857,0.9999982186946743,-0.0018874870802851392,true
63.10716325044632,0.46480387738925355,-0.002118766282834301,0.9999990717043197,-0.0013625676126238838,0.607383768165609,-0.0029410765383605566,0.9999983700424933,-0.0018055227377916478,true
63.207163251936436,0.47039811904427853,-0.0026526760091456227,0.9999985862295998,-0.00168152870975832,0.6024354922447839,-0.0034665293546346804,0.9999977972092542,-0.002098946554660129,true
63.30716325342655,0.4260340550449759,-0.002039408682492189,0.9999991472740613,-0.0013059292286971317,0.5432834119137155,-0.0026582502172885127,0.9999986643602268,-0.0016344044060484584,true
63.40716325491667,0.3480350751810997,-0.001219254809936979,0.9999996838823717,-0.0007951321629790582,0.43928469417496174,-0.0015995898753084045,0.9999994877150519,-0.0010122102715255385,true
63.507163256406784,0.2978577473704478,-0.0005176719341895353,0.9999999421085856,-0.0003402687548262112,0.39716261740791886,-0.0006920600382809934,0.9999999034493317,-0.00043943296117583046,true
63.6071632578969,0.2213067619950248,-0.000677752699044462,0.9999998967748364,-0.00045436804097655133,0.2971882893897956,-0.0009327986981804415,0.9999998139893347,-0.0006099354851169131,true
63.707163259387016,0.13970317090544068,-0.001851323296740589,0.9999992001827362,-0.0012647663372077015,0.18838249017346964,-0.0025621026458899623,0.9999985162251924,-0.0017226570794905776,true
63.80716326087713,0.14099112184030796,-0.0010774277342697198,0.9999997300330443,-0.0007348019042911624,0.19010086047964397,-0.001443346421122824,0.9999995320353756,-0.0009674342508821567,true
63.90716326236725,0.18481304077618887,-0.00014749514613279853,0.9999999949680168,-0.00010031932112916467,0.24853005077652107,-0.00022425752276448882,0.9999999887572251,-0.00014995182473036126,true
64.00716326385736,0.22532704055831637,-0.0009916160400299785,0.999999780175367,-0.0006630604932260479,0.302548733713084,-0.0013288941330079382,0.999999626033901,-0.0008648306527983974,true
64.10716326534748,0.26939423967339526,0.0019683995616349196,0.9999991539115238,0.0013008367447529554,0.36130520709158936,0.0026042481861732773,0.9999986139268485,0.0016649757901429723,true
64.2071632668376,0.3138702035796223,0.0019138707399007884,0.9999992197524009,0.001249197578165095,0.42060670420671603,0.0024869238720046294,0.9999987842409424,0.0015593321125707679,true
64.30716326832771,0.35621382517452693,0.0027110457045479894,0.9999984669623595,0.0017510205397772516,0.4770651912700391,0.0035203360002460044,0.9999976399819392,0.0021725631295422304,true
64.40716326981783,0.3956020748599387,0.0018332937129506358,0.9999993208768697,0.0011654380289471283,0.5295828915795415,0.0022557478026156343,0.9999990843355391,0.0013532657105538419,true
64.50716327130795,0.43342973471961777,0.0016890471346635548,0.9999994369979825,0.0010611332234815212,0.580019687878496,0.0020446937125160164,0.999999277284036,0.0012022609557314123,true
64.60716327279806,0.47036975564174544,0.0011849288322199468,0.999999735683487,0.0007270714932163094,0.6292728677724797,0.0012831170935000656,0.9999997445036372,0.0007148375062339494,true
64.70716327428818,0.5056046250732884,0.0001991998142925577,0.9999999954406772,9.549159951030363e-05,0.6753370035303317,-0.00014317822998955712,0.9999999876093566,-0.00015742073143337306,true
64.8071632757783,0.5379059270213342,0.00020632648943469774,0.9999999949824858,0.00010017498877860095,0.7172077101630381,-9.716134533781841e-05,0.9999999919932214,-0.0001265446838526344,true
64.90716327726841,0.5343629176059094,0.0027329425257573894,0.9999987787994931,0.001562817814868888,0.708361038148084,0.0028998566091903554,0.9999988918089794,0.0014887514276117214,true
65.00716327875853,0.5255222865237715,0.0024121105562507324,0.9999990345360859,0.001389577956155771,0.6965725069499413,0.0026170327944767765,0.9999990663817936,0.001366468273061056,true
