1.4759561382234097,0.0,0.0,0.0,0.0010562428229651207,1.4651606460192111e-05,1.0333842770148069e-05,0.0031687893220245763,3.9178568367561555e-05,2.7617420061951426e-05,true
1.5759561397135258,0.0,0.0,0.0,0.0010563378062441358,3.742958257615484e-06,2.6399249962463582e-06,0.003169015167258323,1.0717971296755781e-05,7.555498808534279e-06,true
1.675956141203642,2.3012935554627113e-08,5.1039056117193615e-11,3.5998071780377806e-11,0.001056354874476545,8.671195867587619e-06,6.115832729695048e-06,0.0031690135608844804,2.3664407947295464e-05,1.6681498448752208e-05,true
1.775956142693758,9.584455608651157e-06,3.092975136678279e-08,2.181489029291842e-08,0.0010754073739619838,1.5064833751626684e-05,1.0625277405619969e-05,0.003197524663422568,4.0804130833929165e-05,2.8763414094294853e-05,true
1.8759561441838741,5.423517662088615e-06,1.8411547724203896e-08,1.2985745955840112e-08,5.423517662088615e-06,1.8411547724203896e-08,1.2985745955840112e-08,5.423517662088615e-06,1.8411547724203896e-08,1.2985745955840112e-08,true
1.9759561456739902,4.474378350183329e-06,0.0,0.0,0.0010644273625328748,-4.2851270506164364e-05,-3.0223190413618275e-05,0.003180377561532571,-0.00011451016171638739,-8.071941820700963e-05,true
2.0759561471641064,2.765314604549797e-06,4.147029952953331e-09,2.924918548239001e-09,2.765314604549797e-06,4.147029952953331e-09,2.924918548239001e-09,2.765314604549797e-06,4.147029952953331e-09,2.924918548239001e-09,true
2.1759561486542225,1.6296479137986135e-06,0.0,0.0,1.6296479137986135e-06,0.0,0.0,1.6296479137986135e-06,0.0,0.0,true
2.2759561501443386,9.417950882379688e-07,0.0,0.0,0.0010566371156654191,-5.7979028381585536e-05,-4.089286488066111e-05,0.0031680328171640915,-0.00015515310532900832,-0.00010936927392694303,true
2.3759561516344547,5.630846419018302e-07,4.515332652135785e-10,3.1846840692085505e-10,5.630846419018302e-07,4.515332652135785e-10,3.1846840692085505e-10,5.630846419018302e-07,4.515332652135785e-10,3.1846840692085505e-10,true
2.475956153124571,2.803511761791446e-07,0.0,0.0,0.0010550802704854068,-6.207313646197967e-05,-4.378045739836453e-05,0.0031654812290895402,-0.00016622084258321497,-0.00011717112847943166,true
2.575956154614687,1.984624948592513e-07,2.6572396575351906e-10,1.8741628706843327e-10,1.984624948592513e-07,2.6572396575351906e-10,1.8741628706843327e-10,1.984624948592513e-07,2.6572396575351906e-10,1.8741628706843327e-10,true
2.675956156104803,2.3377299639656922e-08,0.0,0.0,0.0010560884669191504,-2.528807290998958e-05,-1.7835789551260344e-05,0.003168375158787434,-6.769081307099779e-05,-4.771605767510307e-05,true
2.775956157594919,9.80715296582583e-09,8.832631616294867e-12,6.229694103334056e-12,0.0010560652938534818,-2.5121679296904357e-05,-1.7718431405430675e-05,0.003168347409736077,-6.707384861191182e-05,-4.728108481894179e-05,true
2.8759561590850353,6.27045585470803e-09,4.320480167201088e-12,3.047253750686235e-12,0.0010563398189808828,-6.020997465138993e-06,-4.246636116423126e-06,0.0031690116145207574,-1.5953870631989874e-05,-1.1246007632642311e-05,true
2.9759561605751514,3.0917650849528506e-09,4.033149399699427e-12,2.844598090881597e-12,0.001056101735559488,-2.2929391197220166e-05,-1.6172200920227847e-05,0.003168448258261798,-6.113298359763396e-05,-4.309326931750546e-05,true
3.0759561620652676,3.111464199091499e-09,2.505810867095144e-12,1.767359475743801e-12,0.0010563484132004722,-2.1789202796769364e-06,-1.536802101485462e-06,0.003169037528982354,-5.6616966261365745e-06,-3.990929674397264e-06,true
3.1759561635553837,1.21866074047956e-09,1.7961998547518609e-12,1.2668676935324367e-12,0.0010562874269331136,-1.1206759825025068e-05,-7.904177219276142e-06,0.0031688962817643523,-2.9733992388684048e-05,-2.0959738723265024e-05,true
3.2759561650455,7.267130101319955e-10,6.828465248311943e-13,4.816146709181438e-13,0.0010563398774589882,-3.5643447206380012e-06,-2.5139480798240616e-06,0.0031690214855085367,-9.376073964863397e-06,-6.609240400176995e-06,true
3.375956166535616,6.5433241844933804e-09,8.739696398217354e-12,6.164146483417308e-12,0.0010563141639623004,-9.57105611175424e-06,-6.7505081670834265e-06,0.0031689503200663265,-2.53951691886254e-05,-1.790126642849736e-05,true
3.475956168025732,3.5147503095026726e-09,3.4746581686814547e-12,2.4506917581168755e-12,0.0010563218868530917,-7.905247007115861e-06,-5.575605642932283e-06,0.0031689737070920887,-2.099799908545499e-05,-1.480167352828872e-05,true
3.575956169515848,1.1112620961661241e-09,1.144143084678005e-12,8.069691726800368e-13,0.0010561341841671388,-2.1186095874674214e-05,-1.4942647025485456e-05,0.003168528359222678,-5.65389917398854e-05,-3.985493790764776e-05,true
3.6759561710059643,0.0,0.0,0.0,0.0010563441794694173,-7.383347989752966e-07,-5.207507958304494e-07,0.0031690327634352564,-1.8472663502858137e-06,-1.3021091536341488e-06,true
3.7759561724960804,3.811885154994477e-05,5.378531660515419e-08,3.7935021436073286e-08,0.0011320249118798925,-3.486763090335223e-05,-2.459232339667699e-05,0.0032820678988187356,-9.221912720400982e-05,-6.500529446041274e-05,true
3.8759561739861965,0.0486733509901597,0.00024721929432561967,0.00017436486055293727,0.09840294698861099,0.0005161671393350443,0.0003579392000923481,0.14918877795007743,0.0008076957466807464,0.0005507344092049559,true
3.9759561754763126,0.07765139258702275,0.00030645635767796844,0.00021614502305673181,0.1563590283392517,0.000639825381662081,0.00043927283838327344,0.23612289501452582,0.0010013985702095247,0.0006695794551435677,true
4.075956176966429,0.09756425350702402,0.0003250016719780536,0.00022922511516954892,0.1961847341267403,0.0006854333388601418,0.0004674948388014015,0.2958614253477806,0.0010829043411614845,0.0007149668492329489,true
4.175956178456545,0.11337977492194287,0.0003345964685623887,0.00023599236759224145,0.22781576263602016,0.0007129188374687561,0.0004837773336362754,0.3433079420159272,0.001136872721725551,0.0007433867277471635,true
4.275956179946661,0.1273111414292931,0.00013955759134832012,9.843058577176707e-05,0.2556786000791213,0.0003027307171443041,0.000204605590049081,0.38510237056525887,0.0004905692402587586,0.0003184118834386086,true
4.375956181436777,0.14032192041599847,-7.589626154307967e-05,-5.3529968591439824e-05,0.2817001853247649,-0.00015197502528054263,-0.00010185093115705409,0.4241347947064886,-0.00022827131596296483,-0.00014543112177773968,true
4.475956182926893,0.15283984136626697,-4.4955014222767474e-05,-3.170697015170567e-05,0.30673602747499296,-8.901244223065793e-05,-5.9339278177294935e-05,0.4616885583209738,-0.0001321573706532006,-8.32844739220758e-05,true
4.575956184417009,0.16506110345558456,-9.090108924451455e-05,-6.411293986363965e-05,0.3311785497716405,-0.00018492147475151019,-0.0001229142450119001,0.4983523388312315,-0.0002821964389327826,-0.00017703008310233285,true
4.6759561859071255,0.17707752650311356,-0.00013285424620336223,-9.370268682428732e-05,0.35521139022790005,-0.0002754246096065071,-0.00018248551911966118,0.5344015903707018,-0.0004281363344558162,-0.00026713058757393945,true
4.775956187397242,0.18893437149588857,-0.00014751810473579666,-0.00010404517103512004,0.3788988873168322,-0.0003063861502171835,-0.00020215524022051005,0.5697205299600627,-0.0004769269688107218,-0.0002952308931922172,true
4.875956188887358,0.20060224238855295,-0.00015578800978398904,-0.0001098779716037311,0.40120447549538296,-0.0003231014067110652,-0.00021233869372152734,0.601806698447674,-0.0005021763046451337,-0.00030859813306643687,true
4.975956190377474,0.21128369717600368,-0.000118004808727066,-8.322931296442339e-05,0.4225673892687887,-0.00024478468605892176,-0.00016024494454131065,0.6338510758131373,-0.0003804966071834344,-0.00023208356869988727,true
5.07595619186759,0.2138507520087817,-8.48823051035066e-05,-5.9867864816775383e-05,0.42770150228334247,-0.00017402676439028818,-0.0001137119828962117,0.6415522507134681,-0.00026749120830108994,-0.00016248170326847974,true
5.175956193357706,0.20958196279739805,-1.6294645263676916e-05,-1.1492685297525203e-05,0.4191639259241815,-2.7583976721987797e-05,-1.7756262433223797e-05,0.6287458892672206,-3.365047381921298e-05,-1.9410275177422297e-05,true
5.275956194847822,0.2022199434944165,-2.863711915216725e-05,-2.0197886662635088e-05,0.4044398875685939,-5.2836420205444354e-05,-3.438500430373322e-05,0.6066598321426517,-7.241790538624137e-05,-4.329169535473319e-05,true
5.375956196337938,0.19343723588373818,7.120697352134649e-05,5.0222593031484076e-05,0.3871262244224784,0.00016598368860010426,0.00011020813550210063,0.5810254773244115,0.00028527064255065197,0.0001792699065086678,true
5.475956197828054,0.18441774307168277,-2.9527989332038063e-05,-2.0826221336543454e-05,0.3698918316873427,-5.112545975205978e-05,-3.3334616041762385e-05,0.5564222655326834,-6.430027228547842e-05,-3.824134280147926e-05,true
5.5759561993181705,0.17821779673751417,-0.00012540130006272058,-8.844609098266227e-05,0.3574919338317052,-0.00025686181622469584,-0.0001699823984870578,0.5378224109267299,-0.00039464363761434194,-0.00024554082328118686,true
5.675956200808287,0.1788562288657279,-0.0001826218579108415,-0.00012880400324499381,0.3587687907054681,-0.0003767160801091217,-0.00024935517216595086,0.5397376843269773,-0.0005828091328313161,-0.00036288627320393336,true
5.775956202298403,0.1849921113748251,-0.0002212721025738196,-0.000156064191570427,0.3710405473754755,-0.000459206517024277,-0.00030340151780607234,0.5581453057586945,-0.0007145247240117176,-0.0004434399416798042,true
5.875956203788519,0.19371172822353397,-0.0002418249741067751,-0.00017056022266938336,0.3876299438692608,-0.000499951068240147,-0.000329289938730754,0.5817206188866728,-0.0007747373615279638,-0.00047802042467516245,true
5.975956205278635,0.20315400889186797,-0.0004303745719752718,-0.00030354508709647105,0.40630793177234403,-0.0008995966760631528,-0.0005909959287560877,0.6094617590850083,-0.0014085164394301883,-0.0008652582044041863,true
6.075956206768751,0.2052603121717027,-0.0005528588159898344,-0.0003899337655602212,0.41052048862418916,-0.0011539980589249468,-0.0007574688329352003,0.6157805148082527,-0.0018044260817384953,-0.0011065590985740131,true
6.175956208258867,0.20011305860265402,-0.0005235054657636859,-0.0003692307179566527,0.40022600636860983,-0.0010877905903002448,-0.0007151100582674562,0.6003388323710377,-0.0016937201274219368,-0.0010415437744458259,true
6.275956209748983,0.19192511663669642,-0.0005144698461864598,-0.0003628578555476317,0.3838501362947291,-0.0010639282121739616,-0.0007012747858753633,0.5757750507102831,-0.001648993861843395,-0.0010189956747540456,true
6.3759562112390995,0.18244849206754415,-0.0003735902601448019,-0.00026349486107781227,0.3651812549110368,-0.0007649257865586291,-0.0005055457237011253,0.5481514056008127,-0.0011740375613279058,-0.0007288535303162217,true
6.475956212729216,0.17285294241316526,-0.00025895709941441955,-0.00018264358634207582,0.3467622127919462,-0.0005295080519389443,-0.00035106149003515325,0.5217278102114941,-0.0008118732220699528,-0.0005068924854543887,true
6.575956214219332,0.16637154009442853,-6.183640410202931e-05,-4.3613489018959865e-05,0.3337994298448125,-0.00010766858769648563,-7.078891700444169e-05,0.5022836678277317,-0.00013656555933552796,-8.275804218890277e-05,true
6.675956215709448,0.16704299099112432,-0.0001577010411596091,-0.00011122724108511724,0.33514231412066753,-0.00032846937283257776,-0.00021848366453240962,0.5042905566985519,-0.0005128046468974806,-0.0003224308245865451,true
6.775956217199564,0.17340050570015483,-0.00034612053364664337,-0.00024412034161182752,0.34712662322542576,-0.0007079680673029064,-0.0004694209823020586,0.5211246647946977,-0.0010851939227519633,-0.0006778719294692518,true
6.87595621868968,0.1818014383928201,-0.00026924371189794696,-0.00018989877957505195,0.3512210797057385,-0.0008510383956833092,-0.0005775496682530847,0.5206676943919823,-0.001412111415645891,-0.0009042530900218106,true
6.975956220179796,0.18268353286789724,-0.00011291062474264338,-7.963636249307013e-05,0.352986071506368,-0.00021669314357816965,-0.00014326909907087408,0.5109076176739944,-0.00030834110639871493,-0.00019195110327381595,true
7.075956221669912,0.16771094666674657,-0.0007799539671231848,-0.000550104979007097,0.3230406088339468,-0.0015877774174796301,-0.001059599760206126,0.4659892129108252,-0.002373834681145192,-0.001507177864124934,true
7.1759562231600285,0.14163442921094302,-0.00023315639116125843,-0.0001644462328183495,0.2708878409599063,-0.00046718664441945884,-0.0003145173899574054,0.38776024243060814,-0.0006963386937519347,-0.00045021347141716765,true
7.275956224650145,0.11226263042876042,8.184079104205614e-06,5.772267151120722e-06,0.2121442636541714,8.760622574679346e-06,5.772267151120722e-06,0.29964489937978867,9.265699619986117e-06,5.772267151120722e-06,true
7.375956226140261,0.08181660590288789,-0.0001053831534235256,-7.432720371379846e-05,0.1512522421289948,-0.00017995657269922766,-0.00012328412011984032,0.20830690191531806,-0.00022650136451871693,-0.00015115130280115885,true
7.475956227630377,0.04453778691677098,0.0,0.0,0.07669457633354196,0.0,0.0,0.09647036382869295,-1.3224297858187231e-05,-9.327155707014592e-06,true
7.575956229120493,5.91507961872979e-07,-1.2343186968348954e-10,-8.705704303484699e-11,5.91507961872979e-07,-1.2343186968348954e-10,-8.705704303484699e-11,5.91507961872979e-07,-1.2343186968348954e-10,-8.705704303484699e-11,true
7.675956230610609,4.175275822235692e-05,0.0,0.0,4.175275822235692e-05,0.0,0.0,4.175275822235692e-05,0.0,0.0,true
7.775956232100725,3.1791890843232814e-05,0.0,0.0,3.1791890843232814e-05,0.0,0.0,3.1791890843232814e-05,0.0,0.0,true
7.875956233590841,1.8903411502463894e-05,0.0,0.0,1.8903411502463894e-05,0.0,0.0,1.8903411502463894e-05,0.0,0.0,true
7.975956235080957,5.390555476909599e-06,0.0,0.0,5.390555476909599e-06,0.0,0.0,5.390555476909599e-06,0.0,0.0,true
1.50716233253479,0.0,0.0,0.0,0.0010562441053939182,1.4558861830286507e-05,1.0268429572911025e-05,0.0031687924007107095,3.893061808394878e-05,2.7442637083336605e-05,true
1.6071623340249062,0.0,0.0,0.0,0.0010563378672628987,3.7256977416487107e-06,2.6277510780745265e-06,0.0031690153142576124,1.067461914481019e-05,7.524940484189537e-06,true
1.7071623355150223,2.3012935739010612e-08,5.095585185472653e-11,3.593938744644643e-11,0.0010563563293182784,8.492115460881615e-06,5.989526527675365e-06,0.003169017126315022,2.3184919701504956e-05,1.6343501466426573e-05,true
1.8071623370051384,9.584454797122519e-06,3.118021230425747e-08,2.1991541498706624e-08,0.0010754056241768647,1.5188569786461454e-05,1.071254884491306e-05,0.0031975203316728616,4.113986784664533e-05,2.9000080156893317e-05,true
1.9071623384952545,5.4235176244031346e-06,1.84226454487475e-08,1.2993573229992715e-08,5.4235176244031346e-06,1.84226454487475e-08,1.2993573229992715e-08,5.4235176244031346e-06,1.84226454487475e-08,1.2993573229992715e-08,true
2.0071623399853706,4.474378350183329e-06,0.0,0.0,0.0010644594018828237,-4.2051277605960003e-05,-2.9658951886572948e-05,0.0031804545831764465,-0.0001123693697195983,-7.921034927690817e-05,true
2.1071623414754868,2.7653148172261124e-06,4.002702030020028e-09,2.8231234265240504e-09,2.7653148172261124e-06,4.002702030020028e-09,2.8231234265240504e-09,2.7653148172261124e-06,4.002702030020028e-09,2.8231234265240504e-09,true
2.207162342965603,1.6296479137986135e-06,0.0,0.0,1.6296479137986135e-06,0.0,0.0,1.6296479137986135e-06,0.0,0.0,true
2.307162344455719,9.417950882379688e-07,0.0,0.0,0.0010566446681782883,-5.784134654417383e-05,-4.0795757272428295e-05,0.0031680510033997283,-0.0001547840983331772,-0.00010910915596726352,true
2.407162345945835,5.630846426596118e-07,4.505872824320955e-10,3.178012010855309e-10,5.630846426596118e-07,4.505872824320955e-10,3.178012010855309e-10,5.630846426596118e-07,4.505872824320955e-10,3.178012010855309e-10,true
2.5071623474359512,2.803511761791446e-07,0.0,0.0,0.0010550366979163702,-6.280917971337133e-05,-4.4299591955559715e-05,0.0031653760707343256,-0.00016819742527179296,-0.00011856445018544936,true
2.6071623489260674,1.9846249050104664e-07,2.6895930230081074e-10,1.8969818422961232e-10,1.9846249050104664e-07,2.6895930230081074e-10,1.8969818422961232e-10,1.9846249050104664e-07,2.6895930230081074e-10,1.8969818422961232e-10,true
2.7071623504161835,2.3377299639656922e-08,0.0,0.0,0.0010560845345808862,-2.545176273582327e-05,-1.7951240708635764e-05,0.0031683656821869005,-6.812979555409623e-05,-4.802550203032235e-05,true
2.8071623519062996,9.80715308463693e-09,8.69971171922363e-12,6.135945112662598e-12,0.0010560566425867738,-2.548276146431e-05,-1.79731042533664e-05,0.003168326532422397,-6.804605646707038e-05,-4.796640805721171e-05,true
2.9071623533964157,6.270455889492314e-09,4.2696981450857576e-12,3.011436966122999e-12,0.0010563398372281387,-6.017795344645429e-06,-4.244377646664711e-06,0.0031690116572293875,-1.5945464337805813e-05,-1.1240082001407045e-05,true
3.007162354886532,3.0917650862770377e-09,4.032134165772941e-12,2.8438820419077363e-12,0.0010561076053800455,-2.265742106689195e-05,-1.598037918568753e-05,0.0031684623314035083,-6.0404710919008225e-05,-4.257990107237781e-05,true
3.107162356376648,3.1114641805869814e-09,2.528683528344757e-12,1.7834916647792179e-12,0.0010563483515145672,-2.208623219071983e-06,-1.5577517158864289e-06,0.003169037385154048,-5.740876577239734e-06,-4.046744427056285e-06,true
3.207162357866764,1.218660725663866e-09,1.8062238308757385e-12,1.273937648180571e-12,0.0010562859047280884,-1.1349327338499814e-05,-8.00473071642739e-06,0.0031688926591884187,-3.0114530945570018e-05,-2.1227984432616437e-05,true
3.30716235935688,7.267130142485215e-10,6.784514061400861e-13,4.785147742867775e-13,0.0010563402761709282,-3.4441549424729927e-06,-2.429177698259109e-06,0.0031690224275262562,-9.05490643019027e-06,-6.3828458330182e-06,true
3.4071623608469963,6.543324159415917e-09,8.758451523496521e-12,6.17737455614066e-12,0.001056317424176822,-9.204212708926936e-06,-6.4917718942905e-06,0.003168958101601018,-2.44127210282788e-05,-1.7208726910086887e-05,true
3.5071623623371124,3.5147502823000254e-09,3.502066591703679e-12,2.470023039970433e-12,0.0010563218917679451,-7.904590214374378e-06,-5.575142404124274e-06,0.0031689737202113604,-2.0996018357469252e-05,-1.4800277202326156e-05,true
3.6071623638272285,1.1112620947728317e-09,1.145495536747721e-12,8.079230631002156e-13,0.0010561348793423834,-2.1151412785248418e-05,-1.4918184889277215e-05,0.0031685300278151687,-5.6446097417162954e-05,-3.978945556684845e-05,true
3.7071623653173447,0.0,0.0,0.0,0.001056344024071137,-9.34583537494255e-07,-6.591658981746757e-07,0.0031690324096978273,-2.3725636685556298e-06,-1.6723974224071986e-06,true
3.807162366807461,3.811885182461023e-05,5.3590301529922134e-08,3.779747644189588e-08,0.0011320235829344557,-3.490943864179456e-05,-2.4621810473158997e-05,0.0032820647699468297,-9.23283724811396e-05,-6.508230084686782e-05,true
3.907162368297577,0.04867334757051211,0.00024789165151400266,0.0001748390770485145,0.09840293935643901,0.0005176172854255135,0.0003589453621243619,0.149188765211662,0.0008100340744564392,0.0005523309706925688,true
4.007162369787693,0.07765133384758326,0.00030745405021663524,0.00021684870001226187,0.1563589100033033,0.0006419546285097274,0.0004407355515451181,0.23612271611218572,0.0010047986097943477,0.0006718561935859725,true
4.107162371277809,0.09756419526140503,0.00034193212825097156,0.00024116624078103404,0.1961846045020479,0.0007212936639387686,0.0004919567012040696,0.2958612093532005,0.0011397740527672449,0.000752527021963162,true
4.207162372767925,0.11337964888772452,0.00033671888589712666,0.00023748931791570316,0.22781551290830865,0.0007162319199920401,0.00048599326381642237,0.3433075716997291,0.0011404138501895152,0.0007455830374076346,true
4.307162374258041,0.12731120211666141,0.0001770212659818985,0.00012485388101295716,0.25567870737991183,0.0003824412321636768,0.0002584334479167283,0.3851025079697797,0.0006175089748500611,0.0004006371336118762,true
4.4071623757481575,0.14032230835316842,-8.445683064223099e-05,-5.9567775799405065e-05,0.281700960585813,-0.0001701565293122475,-0.00011407235175376887,0.4241359566519278,-0.00025717022949129633,-0.00016398378644864745,true
4.507162377238274,0.1528397356370209,-5.36897931508095e-05,-3.786764832168194e-05,0.30673581574042585,-0.00010748223223895536,-7.169740293677398e-05,0.46168824029903555,-0.0001614081221350692,-0.00010189586032839597,true
4.60716237872839,0.1650610783741812,-9.920241509323263e-05,-6.996790166168496e-05,0.3311784991680251,-0.00020203478075100592,-0.000134298349514581,0.49835226222711393,-0.00030865573073766636,-0.00019366367331572133,true
4.707162380218506,0.17707755102020695,-0.00012024588243937844,-8.48099521552364e-05,0.3552114417720543,-0.0002476109994882773,-0.00016398572625826935,0.5344016718015344,-0.0003823969977187674,-0.00023832576871063497,true
4.807162381708622,0.18893443325080447,-0.0001566626599282852,-0.00011049486621488524,0.3789080401173097,-0.00032698405969467276,-0.00021581817987207616,0.5697463299168356,-0.0005113844429561123,-0.00031682765170999656,true
4.907162383198738,0.20061807191672998,-0.00015910556872947672,-0.0001122178605856331,0.4012361347630141,-0.0003292642377453905,-0.0002163530520559134,0.6018541877407393,-0.0005106852809420783,-0.00031369684827232323,true
5.007162384688854,0.21141320507360284,-0.00012517029661690424,-8.828316323170782e-05,0.4228264037958852,-0.0002606439440395259,-0.00017066936394145163,0.6342395955129946,-0.00040664079733673786,-0.0002481929670503526,true
5.10716238617897,0.21412978547205555,-0.0001111817400477579,-7.84169724792035e-05,0.4282595662669477,-0.0002310333953504119,-0.00015110581919983412,0.6423893419008844,-0.0003597759595142469,-0.00021908750784315384,true
5.2071623876690865,0.20993306066614667,-6.033191799095228e-05,-4.255236831769187e-05,0.4198661211921004,-0.00012114969984986734,-7.914682913396802e-05,0.6297991815917313,-0.00018240197558768703,-0.00011062931871912382,true
5.307162389159203,0.20259873574170145,-6.189230389684169e-05,-4.365291539121769e-05,0.4051974712685702,-0.00012448389249776048,-8.156130910185526e-05,0.6077962065752759,-0.0001877841013985592,-0.00011455262196225595,true
5.407162390649319,0.19382083400962835,6.139383534985861e-05,4.330134332269519e-05,0.3878212615833172,0.00014591199927381453,9.698748266491212e-05,0.5819716844284495,0.00025447088535470163,0.00016027354872707214,true
5.507162392139435,0.1847411050664756,-6.621363852803758e-05,-4.670077179913465e-05,0.37053855583865614,-0.00012896757410879364,-8.484155490998947e-05,0.5573923523332895,-0.0001879612132449823,-0.00011526886169268834,true
5.607162393629551,0.1777485506202966,-0.00012115311790742025,-8.544982933919693e-05,0.35655344228640085,-0.000247558065998419,-0.0001638275587669491,0.5364146747074314,-0.0003794569346585869,-0.0002360737526075802,true
5.707162395119667,0.17736193244019247,-0.00015185962668679215,-0.00010710726564888333,0.3557802043367905,-0.00030989801792727964,-0.00020509414848609474,0.5352548152745057,-0.0004744004020409181,-0.0002951567184438415,true
5.807162396609783,0.18302527013243314,-0.0002484993273950408,-0.00017526767353224623,0.3671068563120657,-0.000517870048545582,-0.0003425004051787455,0.5522447550685308,-0.0008090301525210282,-0.0005031336858843714,true
5.907162398099899,0.19152954098588185,-0.00023312229890890438,-0.0001644221874021377,0.38357526919503077,-0.0004814258844427979,-0.0003172807005896622,0.5760521282924245,-0.0007452706857541743,-0.0004602992246019479,true
6.007162399590015,0.20087534437477667,-0.00040984408185923947,-0.0002890648417097562,0.40175061289920905,-0.000855315847230554,-0.0005623038428358264,0.6026257973961593,-0.0013371904914650475,-0.00082250593782477,true
6.1071624010801315,0.2043974104770772,-0.0006417153824701427,-0.00045260469448514903,0.4087946044535201,-0.0013490363303171446,-0.0008862327268265079,0.6131915544944871,-0.002123647405189775,-0.0013048079963862323,true
6.207162402570248,0.1999679350426499,-0.0005153782678652413,-0.0003634985693712679,0.39993578057229284,-0.001064390301710154,-0.0006994519723095994,0.5999035295436577,-0.0016475123349673564,-0.0010120810231668078,true
6.307162404060364,0.1920738464423708,-0.0004720453666798013,-0.0003329356827116143,0.38414763000142066,-0.0009690195178386357,-0.0006383507691986247,0.5762213473012077,-0.0014909741491526474,-0.0009200099471408541,true
6.40716240555048,0.18275759759151242,-0.0003811334988860515,-0.0002688151406895772,0.3659250640424315,-0.0007890565910953717,-0.0005217971782082347,0.5494348244764337,-0.0012243313762048357,-0.0007612620320285582,true
6.507162407040596,0.17326860355921095,-0.00019969032909254855,-0.00014084247138142585,0.34759354822355926,-0.0004028679942238363,-0.0002668276897294449,0.5229748339755476,-0.0006095230632914279,-0.00037957658123232026,true
6.607162408530712,0.16794687052497814,-7.107427922717105e-05,-5.012900315953178e-05,0.336950089735523,-0.00013146842068116694,-8.674994503848739e-05,0.507009657071273,-0.00018062115624744603,-0.00011101247153073464,true
6.707162410020828,0.1701262814872293,-0.00018483916417830204,-0.00013036787915194343,0.34098222771441833,-0.00038554604039442485,-0.00025621728412080933,0.5124473189112895,-0.0006024654376486558,-0.0003782258293259409,true
6.807162411510944,0.17660056409964475,-0.0003480287305710193,-0.00024546620133339165,0.3532070919494483,-0.0007070927351100179,-0.000468140017883649,0.5298195842205498,-0.0010765428481630764,-0.0006704006598159646,true
6.9071624130010605,0.18046259351755323,-0.00023894831830633277,-0.00016853130462368148,0.34854353610440725,-0.0007612873052715743,-0.0005169602066902939,0.5166521637835533,-0.001264999725369005,-0.0008109359447464753,true
7.007162414491177,0.1758102275814345,-0.00013829661294990082,-9.754121213610318e-05,0.33923946119515713,-0.00026723263373920505,-0.00017723703878360308,0.4902877034669151,-0.00038344255488610793,-0.00024031846179740427,true
7.107162415981293,0.15808722416731644,-0.0007105656113749621,-0.00050116506512602,0.30379337046045046,-0.0014096957393687284,-0.000942761248692297,0.437118503759211,-0.0020815452064213377,-0.0013279670779992787,true
7.207162417471409,0.13069304265698098,-0.0001471482417889361,-0.00010378430506456962,0.24900508119932496,-0.0002926355712616509,-0.0001977367753124192,0.3549361188965524,-0.00043285058589782,-0.00028185741074354865,true
7.307162418961525,0.1008347030810428,-1.6805988093886762e-06,-1.1853337654888738e-06,0.18928840867602859,-1.785445973313074e-06,-1.1853337654888738e-06,0.2653611167710231,-1.875617522850292e-06,-1.1853337654888738e-06,true
7.407162420451641,0.07042616056416721,-7.055829402304178e-05,-4.976507651533193e-05,0.12847133683689285,-0.00012125213949618134,-8.34823113503175e-05,0.1741355259103358,-0.00015413021231544278,-0.00010398263361048807,true
7.507162421941757,0.020346167575484603,7.441264695846558e-05,5.2483568670000804e-05,0.041452974037581095,0.0001516369985148033,0.00010616893654735558,0.06319451493179928,0.00023090373597838,0.00016044807892929696,true
7.607162423431873,3.0032043804746763e-05,3.009540624568967e-08,2.1226422992705157e-08,3.0032043804746763e-05,3.009540624568967e-08,2.1226422992705157e-08,3.0032043804746763e-05,3.009540624568967e-08,2.1226422992705157e-08,true
7.707162424921989,3.660465586531212e-05,0.0,0.0,0.0011294559146250124,1.462350557823368e-05,1.031402309394738e-05,0.0032786148997315454,3.8672176130595045e-05,2.726002257250007e-05,true
7.807162426412106,2.606639633893849e-05,1.7053799070726103e-07,1.2028119831732776e-07,2.606639633893849e-05,1.7053799070726103e-07,1.2028119831732776e-07,2.606639633893849e-05,1.7053799070726103e-07,1.2028119831732776e-07,true
7.907162427902222,1.4116318849970417e-05,0.0,0.0,1.4116318849970417e-05,0.0,0.0,1.4116318849970417e-05,0.0,0.0,true
8.007162429392338,8.060273793624578e-06,0.0,0.0,8.060273793624578e-06,0.0,0.0,8.060273793624578e-06,0.0,0.0,true
8.107162430882454,4.297584470561449e-06,0.0,0.0,4.297584470561449e-06,0.0,0.0,4.297584470561449e-06,0.0,0.0,true
8.20716243237257,2.2405826079774035e-06,0.0,0.0,2.2405826079774035e-06,0.0,0.0,2.2405826079774035e-06,0.0,0.0,true
8.307162433862686,6.025072164992486e-07,0.0,0.0,6.025072164992486e-07,0.0,0.0,6.025072164992486e-07,0.0,0.0,true
8.407162435352802,6.871684937352586e-07,0.0,0.0,6.871684937352586e-07,0.0,0.0,6.871684937352586e-07,0.0,0.0,true
8.507162436842918,4.4547479365476044e-07,0.0,0.0,4.4547479365476044e-07,0.0,0.0,4.4547479365476044e-07,0.0,0.0,true
8.607162438333035,2.529398229135661e-07,0.0,0.0,2.529398229135661e-07,0.0,0.0,2.529398229135661e-07,0.0,0.0,true
8.70716243982315,0.0,0.0,0.0,0.0,0.0,0.0,0.0,0.0,0.0,true
8.807162441313267,7.633514318917288e-08,0.0,0.0,7.633514318917288e-08,0.0,0.0,7.633514318917288e-08,0.0,0.0,true
8.907162442803383,5.266530385615866e-08,0.0,0.0,5.266530385615866e-08,0.0,0.0,5.266530385615866e-08,0.0,0.0,true
9.007162444293499,2.7691081389332268e-08,0.0,0.0,2.7691081389332268e-08,0.0,0.0,2.7691081389332268e-08,0.0,0.0,true
9.107162445783615,1.490827849236494e-08,0.0,0.0,1.490827849236494e-08,0.0,0.0,1.490827849236494e-08,0.0,0.0,true
9.207162447273731,8.43788382520448e-09,0.0,0.0,8.43788382520448e-09,0.0,0.0,8.43788382520448e-09,0.0,0.0,true
9.307162448763847,5.0746397784404895e-09,0.0,0.0,5.0746397784404895e-09,0.0,0.0,5.0746397784404895e-09,0.0,0.0,true
9.407162450253963,4.379915019728018e-09,0.0,0.0,4.379915019728018e-09,0.0,0.0,4.379915019728018e-09,0.0,0.0,true
9.50716245174408,2.0650546280898875e-09,0.0,0.0,2.0650546280898875e-09,0.0,0.0,2.0650546280898875e-09,0.0,0.0,true
9.607162453234196,1.6671069501681783e-09,0.0,0.0,1.6671069501681783e-09,0.0,0.0,1.6671069501681783e-09,0.0,0.0,true
9.707162454724312,1.9009811864247553e-09,0.0,0.0,1.9009811864247553e-09,0.0,0.0,1.9009811864247553e-09,0.0,0.0,true
9.807162456214428,8.340665394019294e-10,0.0,0.0,8.340665394019294e-10,0.0,0.0,8.340665394019294e-10,0.0,0.0,true
9.907162457704544,1.8659001176609996e-09,0.0,0.0,1.8659001176609996e-09,0.0,0.0,1.8659001176609996e-09,0.0,0.0,true
10.00716245919466,0.0,0.0,0.0,0.0,0.0,0.0,0.0,0.0,0.0,true
10.107162460684776,0.0,0.0,0.0,0.0,0.0,0.0,0.0,0.0,0.0,true
10.207162462174892,0.0,0.0,0.0,0.0,0.0,0.0,0.0,0.0,0.0,true
10.307162463665009,0.0,0.0,0.0,0.0,0.0,0.0,0.0,0.0,0.0,true
10.407162465155125,0.0,0.0,0.0,0.0,0.0,0.0,0.0,0.0,0.0,true
10.50716246664524,0.0,0.0,0.0,0.0,0.0,0.0,0.0,0.0,0.0,true
10.607162468135357,0.0,0.0,0.0,0.0,0.0,0.0,0.0,0.0,0.0,true
10.707162469625473,0.0,0.0,0.0,0.0,0.0,0.0,0.0,0.0,0.0,true
10.80716247111559,0.0,0.0,0.0,0.0,0.0,0.0,0.0,0.0,0.0,true
10.907162472605705,0.0,0.0,0.0,0.0,0.0,0.0,0.0,0.0,0.0,true
11.007162474095821,0.0,0.0,0.0,0.0,0.0,0.0,0.0,0.0,0.0,true
11.107162475585938,0.0,0.0,0.0,0.0,0.0,0.0,0.0,0.0,0.0,true
11.207162477076054,0.0,0.0,0.0,0.0,0.0,0.0,0.0,0.0,0.0,true
11.30716247856617,0.0,0.0,0.0,0.0,0.0,0.0,0.0,0.0,0.0,true
11.407162480056286,0.0,0.0,0.0,0.0,0.0,0.0,0.0,0.0,0.0,true
11.507162481546402,0.0,0.0,0.0,0.0,0.0,0.0,0.0,0.0,0.0,true
11.607162483036518,0.0,0.0,0.0,0.0,0.0,0.0,0.0,0.0,0.0,true
11.707162484526634,0.0,0.0,0.0,0.0,0.0,0.0,0.0,0.0,0.0,true
11.80716248601675,0.0,0.0,0.0,0.0,0.0,0.0,0.0,0.0,0.0,true
11.907162487506866,0.0,0.0,0.0,0.0,0.0,0.0,0.0,0.0,0.0,true
12.007162488996983,0.0,0.0,0.0,0.0,0.0,0.0,0.0,0.0,0.0,true
12.107162490487099,0.0,0.0,0.0,0.0,0.0,0.0,0.0,0.0,0.0,true
12.207162491977215,0.0,0.0,0.0,0.0,0.0,0.0,0.0,0.0,0.0,true
12.307162493467331,0.0,0.0,0.0,0.0,0.0,0.0,0.0,0.0,0.0,true
12.407162494957447,0.0,0.0,0.0,0.0,0.0,0.0,0.0,0.0,0.0,true
12.507162496447563,0.0,0.0,0.0,0.0,0.0,0.0,0.0,0.0,0.0,true
12.60716249793768,0.0,0.0,0.0,0.0,0.0,0.0,0.0,0.0,0.0,true
12.707162499427795,0.0,0.0,0.0,0.0,0.0,0.0,0.0,0.0,0.0,true
12.807162500917912,0.0,0.0,0.0,0.0,0.0,0.0,0.0,0.0,0.0,true
12.907162502408028,0.0,0.0,0.0,0.0,0.0,0.0,0.0,0.0,0.0,true
13.007162503898144,0.0,0.0,0.0,0.0,0.0,0.0,0.0,0.0,0.0,true
13.10716250538826,0.0,0.0,0.0,0.0,0.0,0.0,0.0,0.0,0.0,true
13.207162506878376,0.0,0.0,0.0,0.0,0.0,0.0,0.0,0.0,0.0,true
13.307162508368492,0.0,0.0,0.0,0.0,0.0,0.0,0.0,0.0,0.0,true
13.407162509858608,0.0,0.0,0.0,0.0,0.0,0.0,0.0,0.0,0.0,true
13.507162511348724,0.0,0.0,0.0,0.0,0.0,0.0,0.0,0.0,0.0,true
13.60716251283884,0.0,0.0,0.0,0.0,0.0,0.0,0.0,0.0,0.0,true
13.707162514328957,0.0,0.0,0.0,0.0,0.0,0.0,0.0,0.0,0.0,true
13.807162515819073,0.0,0.0,0.0,0.0,0.0,0.0,0.0,0.0,0.0,true
13.907162517309189,0.0,0.0,0.0,0.0,0.0,0.0,0.0,0.0,0.0,true
14.007162518799305,0.0,0.0,0.0,0.0,0.0,0.0,0.0,0.0,0.0,true
14.107162520289421,0.0,0.0,0.0,0.0,0.0,0.0,0.0,0.0,0.0,true
14.207162521779537,0.0,0.0,0.0,0.0,0.0,0.0,0.0,0.0,0.0,true
14.307162523269653,0.0,0.0,0.0,0.0,0.0,0.0,0.0,0.0,0.0,true
14.40716252475977,0.0,0.0,0.0,0.0,0.0,0.0,0.0,0.0,0.0,true
14.507162526249886,0.0,0.0,0.0,0.0,0.0,0.0,0.0,0.0,0.0,true
14.607162527740002,0.0,0.0,0.0,0.0,0.0,0.0,0.0,0.0,0.0,true
14.707162529230118,0.0,0.0,0.0,0.0,0.0,0.0,0.0,0.0,0.0,true
14.807162530720234,0.0,0.0,0.0,0.0,0.0,0.0,0.0,0.0,0.0,true
14.90716253221035,0.0,0.0,0.0,0.0,0.0,0.0,0.0,0.0,0.0,true
15.007162533700466,0.0,0.0,0.0,0.0,0.0,0.0,0.0,0.0,0.0,true
15.107162535190582,0.0,0.0,0.0,0.0,0.0,0.0,0.0,0.0,0.0,true
15.207162536680698,0.0,0.0,0.0,0.0,0.0,0.0,0.0,0.0,0.0,true
15.307162538170815,0.0,0.0,0.0,0.0,0.0,0.0,0.0,0.0,0.0,true
15.40716253966093,0.0,0.0,0.0,0.0,0.0,0.0,0.0,0.0,0.0,true
15.507162541151047,0.0,0.0,0.0,0.0,0.0,0.0,0.0,0.0,0.0,true
15.607162542641163,0.0,0.0,0.0,0.0,0.0,0.0,0.0,0.0,0.0,true
15.707162544131279,0.0,0.0,0.0,0.0,0.0,0.0,0.0,0.0,0.0,true
15.807162545621395,0.0,0.0,0.0,0.0,0.0,0.0,0.0,0.0,0.0,true
15.907162547111511,0.0,0.0,0.0,0.0,0.0,0.0,0.0,0.0,0.0,true
16.007162548601627,0.0,0.0,0.0,0.0,0.0,0.0,0.0,0.0,0.0,true
16.107162550091743,0.0,0.0,0.0,0.0,0.0,0.0,0.0,0.0,0.0,true
16.20716255158186,0.0,0.0,0.0,0.0,0.0,0.0,0.0,0.0,0.0,true
16.307162553071976,0.0,0.0,0.0,0.0,0.0,0.0,0.0,0.0,0.0,true
16.407162554562092,0.0,0.0,0.0,0.0,0.0,0.0,0.0,0.0,0.0,true
16.507162556052208,0.0,0.0,0.0,0.0,0.0,0.0,0.0,0.0,0.0,true
16.607162557542324,0.0,0.0,0.0,0.0,0.0,0.0,0.0,0.0,0.0,true
16.70716255903244,0.0,0.0,0.0,0.0,0.0,0.0,0.0,0.0,0.0,true
16.807162560522556,0.0,0.0,0.0,0.0,0.0,0.0,0.0,0.0,0.0,true
16.907162562012672,0.0,0.0,0.0,0.0,0.0,0.0,0.0,0.0,0.0,true
17.00716256350279,0.0,0.0,0.0,0.0,0.0,0.0,0.0,0.0,0.0,true
17.107162564992905,0.0,0.0,0.0,0.0,0.0,0.0,0.0,0.0,0.0,true
17.20716256648302,0.0,0.0,0.0,0.0,0.0,0.0,0.0,0.0,0.0,true
17.307162567973137,0.0,0.0,0.0,0.0,0.0,0.0,0.0,0.0,0.0,true
17.407162569463253,0.0,0.0,0.0,0.0,0.0,0.0,0.0,0.0,0.0,true
17.50716257095337,0.0,0.0,0.0,0.0,0.0,0.0,0.0,0.0,0.0,true
17.607162572443485,0.0,0.0,0.0,0.0,0.0,0.0,0.0,0.0,0.0,true
17.7071625739336,0.0,0.0,0.0,0.0,0.0,0.0,0.0,0.0,0.0,true
17.807162575423717,0.0,0.0,0.0,0.0,0.0,0.0,0.0,0.0,0.0,true
17.907162576913834,0.0,0.0,0.0,0.0,0.0,0.0,0.0,0.0,0.0,true
18.00716257840395,0.0,0.0,0.0,0.0,0.0,0.0,0.0,0.0,0.0,true
18.107162579894066,0.0,0.0,0.0,0.0,0.0,0.0,0.0,0.0,0.0,true
18.207162581384182,0.0,0.0,0.0,0.0,0.0,0.0,0.0,0.0,0.0,true
18.307162582874298,0.0,0.0,0.0,0.0,0.0,0.0,0.0,0.0,0.0,true
18.407162584364414,0.0,0.0,0.0,0.0,0.0,0.0,0.0,0.0,0.0,true
18.50716258585453,0.0,0.0,0.0,0.0,0.0,0.0,0.0,0.0,0.0,true
18.607162587344646,0.0,0.0,0.0,0.0,0.0,0.0,0.0,0.0,0.0,true
18.707162588834763,0.0,0.0,0.0,0.0,0.0,0.0,0.0,0.0,0.0,true
18.80716259032488,0.0,0.0,0.0,0.0,0.0,0.0,0.0,0.0,0.0,true
18.907162591814995,0.0,0.0,0.0,0.0,0.0,0.0,0.0,0.0,0.0,true
19.00716259330511,0.0,0.0,0.0,0.0,0.0,0.0,0.0,0.0,0.0,true
19.107162594795227,0.0,0.0,0.0,0.0,0.0,0.0,0.0,0.0,0.0,true
19.207162596285343,0.0,0.0,0.0,0.0,0.0,0.0,0.0,0.0,0.0,true
19.30716259777546,0.0,0.0,0.0,0.0,0.0,0.0,0.0,0.0,0.0,true
19.407162599265575,0.0,0.0,0.0,0.0,0.0,0.0,0.0,0.0,0.0,true
19.50716260075569,0.0,0.0,0.0,0.0,0.0,0.0,0.0,0.0,0.0,true
19.607162602245808,0.0,0.0,0.0,0.0,0.0,0.0,0.0,0.0,0.0,true
19.707162603735924,0.0,0.0,0.0,0.0,0.0,0.0,0.0,0.0,0.0,true
19.80716260522604,0.0,0.0,0.0,0.0,0.0,0.0,0.0,0.0,0.0,true
19.907162606716156,0.0,0.0,0.0,0.0,0.0,0.0,0.0,0.0,0.0,true
20.007162608206272,0.0,0.0,0.0,0.0,0.0,0.0,0.0,0.0,0.0,true
20.10716260969639,0.0,0.0,0.0,0.0,0.0,0.0,0.0,0.0,0.0,true
20.207162611186504,0.0,0.0,0.0,0.0,0.0,0.0,0.0,0.0,0.0,true
20.30716261267662,0.0,0.0,0.0,0.0,0.0,0.0,0.0,0.0,0.0,true
20.407162614166737,0.0,0.0,0.0,0.0,0.0,0.0,0.0,0.0,0.0,true
20.507162615656853,0.0,0.0,0.0,0.0,0.0,0.0,0.0,0.0,0.0,true
20.60716261714697,0.0,0.0,0.0,0.0,0.0,0.0,0.0,0.0,0.0,true
20.707162618637085,0.0,0.0,0.0,0.0,0.0,0.0,0.0,0.0,0.0,true
20.8071626201272,0.0,0.0,0.0,0.0,0.0,0.0,0.0,0.0,0.0,true
20.907162621617317,0.0,0.0,0.0,0.0,0.0,0.0,0.0,0.0,0.0,true
21.007162623107433,0.0,0.0,0.0,0.0,0.0,0.0,0.0,0.0,0.0,true
21.10716262459755,0.0,0.0,0.0,0.0,0.0,0.0,0.0,0.0,0.0,true
21.207162626087666,0.0,0.0,0.0,0.0,0.0,0.0,0.0,0.0,0.0,true
21.30716262757778,0.0,0.0,0.0,0.0,0.0,0.0,0.0,0.0,0.0,true
21.407162629067898,0.0,0.0,0.0,0.0,0.0,0.0,0.0,0.0,0.0,true
21.507162630558014,0.0,0.0,0.0,0.0,0.0,0.0,0.0,0.0,0.0,true
21.60716263204813,0.0,0.0,0.0,0.0,0.0,0.0,0.0,0.0,0.0,true
21.707162633538246,0.0,0.0,0.0,0.0,0.0,0.0,0.0,0.0,0.0,true
21.807162635028362,0.0,0.0,0.0,0.0,0.0,0.0,0.0,0.0,0.0,true
21.90716263651848,0.0,0.0,0.0,0.0,0.0,0.0,0.0,0.0,0.0,true
22.007162638008595,0.0,0.0,0.0,0.0,0.0,0.0,0.0,0.0,0.0,true
22.10716263949871,0.0,0.0,0.0,0.0,0.0,0.0,0.0,0.0,0.0,true
22.207162640988827,0.0,0.0,0.0,0.0,0.0,0.0,0.0,0.0,0.0,true
22.307162642478943,0.0,0.0,0.0,0.0,0.0,0.0,0.0,0.0,0.0,true
22.40716264396906,0.0,0.0,0.0,0.0,0.0,0.0,0.0,0.0,0.0,true
22.507162645459175,0.0,0.0,0.0,0.0,0.0,0.0,0.0,0.0,0.0,true
22.60716264694929,0.0,0.0,0.0,0.0,0.0,0.0,0.0,0.0,0.0,true
22.707162648439407,0.0,0.0,0.0,0.0,0.0,0.0,0.0,0.0,0.0,true
22.807162649929523,0.0,0.0,0.0,0.0,0.0,0.0,0.0,0.0,0.0,true
22.90716265141964,0.0,0.0,0.0,0.0,0.0,0.0,0.0,0.0,0.0,true
23.007162652909756,0.0,0.0,0.0,0.0,0.0,0.0,0.0,0.0,0.0,true
23.107162654399872,0.0,0.0,0.0,0.0,0.0,0.0,0.0,0.0,0.0,true
23.207162655889988,0.0,0.0,0.0,0.0,0.0,0.0,0.0,0.0,0.0,true
23.307162657380104,0.0,0.0,0.0,0.0,0.0,0.0,0.0,0.0,0.0,true
23.40716265887022,0.0,0.0,0.0,0.0,0.0,0.0,0.0,0.0,0.0,true
23.507162660360336,0.0,0.0,0.0,0.0,0.0,0.0,0.0,0.0,0.0,true
23.607162661850452,0.0,0.0,0.0,0.0,0.0,0.0,0.0,0.0,0.0,true
23.70716266334057,0.0,0.0,0.0,0.0,0.0,0.0,0.0,0.0,0.0,true
23.807162664830685,0.0,0.0,0.0,0.0,0.0,0.0,0.0,0.0,0.0,true
23.9071626663208,0.0,0.0,0.0,0.0,0.0,0.0,0.0,0.0,0.0,true
24.007162667810917,0.0,0.0,0.0,0.0,0.0,0.0,0.0,0.0,0.0,true
24.107162669301033,0.0,0.0,0.0,0.0,0.0,0.0,0.0,0.0,0.0,true
24.20716267079115,0.0,0.0,0.0,0.0,0.0,0.0,0.0,0.0,0.0,true
24.307162672281265,0.0,0.0,0.0,0.0,0.0,0.0,0.0,0.0,0.0,true
24.40716267377138,0.0,0.0,0.0,0.0,0.0,0.0,0.0,0.0,0.0,true
24.507162675261497,0.0,0.0,0.0,0.0,0.0,0.0,0.0,0.0,0.0,true
24.607162676751614,0.0,0.0,0.0,0.0,0.0,0.0,0.0,0.0,0.0,true
24.70716267824173,0.0,0.0,0.0,0.0,0.0,0.0,0.0,0.0,0.0,true
24.807162679731846,0.0,0.0,0.0,0.0,0.0,0.0,0.0,0.0,0.0,true
24.907162681221962,0.0,0.0,0.0,0.0,0.0,0.0,0.0,0.0,0.0,true
25.007162682712078,0.0,0.0,0.0,0.0,0.0,0.0,0.0,0.0,0.0,true
25.107162684202194,0.0,0.0,0.0,0.0,0.0,0.0,0.0,0.0,0.0,true
25.20716268569231,0.0,0.0,0.0,0.0,0.0,0.0,0.0,0.0,0.0,true
25.307162687182426,0.0,0.0,0.0,0.0,0.0,0.0,0.0,0.0,0.0,true
25.407162688672543,0.0,0.0,0.0,0.0,0.0,0.0,0.0,0.0,0.0,true
25.50716269016266,0.0,0.0,0.0,0.0,0.0,0.0,0.0,0.0,0.0,true
25.607162691652775,0.0,0.0,0.0,0.0,0.0,0.0,0.0,0.0,0.0,true
25.70716269314289,0.0,0.0,0.0,0.0,0.0,0.0,0.0,0.0,0.0,true
25.807162694633007,0.0,0.0,0.0,0.0,0.0,0.0,0.0,0.0,0.0,true
25.907162696123123,0.0,0.0,0.0,0.0,0.0,0.0,0.0,0.0,0.0,true
26.00716269761324,0.0,0.0,0.0,0.0,0.0,0.0,0.0,0.0,0.0,true
26.107162699103355,0.0,0.0,0.0,0.0,0.0,0.0,0.0,0.0,0.0,true
26.20716270059347,0.0,0.0,0.0,0.0,0.0,0.0,0.0,0.0,0.0,true
26.307162702083588,0.0,0.0,0.0,0.0,0.0,0.0,0.0,0.0,0.0,true
26.407162703573704,0.0,0.0,0.0,0.0,0.0,0.0,0.0,0.0,0.0,true
26.50716270506382,0.0,0.0,0.0,0.0,0.0,0.0,0.0,0.0,0.0,true
26.607162706553936,0.0,0.0,0.0,0.0,0.0,0.0,0.0,0.0,0.0,true
26.707162708044052,0.0,0.0,0.0,0.0,0.0,0.0,0.0,0.0,0.0,true
26.80716270953417,0.0,0.0,0.0,0.0,0.0,0.0,0.0,0.0,0.0,true
26.907162711024284,0.0,0.0,0.0,0.0,0.0,0.0,0.0,0.0,0.0,true
27.0071627125144,0.0,0.0,0.0,0.0,0.0,0.0,0.0,0.0,0.0,true
27.107162714004517,0.0,0.0,0.0,0.0,0.0,0.0,0.0,0.0,0.0,true
27.207162715494633,0.0,0.0,0.0,0.0,0.0,0.0,0.0,0.0,0.0,true
27.30716271698475,0.0,0.0,0.0,0.0,0.0,0.0,0.0,0.0,0.0,true
27.407162718474865,0.0,0.0,0.0,0.0,0.0,0.0,0.0,0.0,0.0,true
27.50716271996498,0.0,0.0,0.0,0.0,0.0,0.0,0.0,0.0,0.0,true
27.607162721455097,0.0,0.0,0.0,0.0,0.0,0.0,0.0,0.0,0.0,true
27.707162722945213,0.0,0.0,0.0,0.0,0.0,0.0,0.0,0.0,0.0,true
27.80716272443533,0.0,0.0,0.0,0.0,0.0,0.0,0.0,0.0,0.0,true
27.907162725925446,0.0,0.0,0.0,0.0,0.0,0.0,0.0,0.0,0.0,true
28.00716272741556,0.0,0.0,0.0,0.0,0.0,0.0,0.0,0.0,0.0,true
28.107162728905678,0.0,0.0,0.0,0.0,0.0,0.0,0.0,0.0,0.0,true
28.207162730395794,0.0,0.0,0.0,0.0,0.0,0.0,0.0,0.0,0.0,true
28.30716273188591,0.0,0.0,0.0,0.0,0.0,0.0,0.0,0.0,0.0,true
28.407162733376026,0.0,0.0,0.0,0.0,0.0,0.0,0.0,0.0,0.0,true
28.507162734866142,0.0,0.0,0.0,0.0,0.0,0.0,0.0,0.0,0.0,true
28.60716273635626,0.0,0.0,0.0,0.0,0.0,0.0,0.0,0.0,0.0,true
28.707162737846375,0.0,0.0,0.0,0.0,0.0,0.0,0.0,0.0,0.0,true
28.80716273933649,0.0,0.0,0.0,0.0,0.0,0.0,0.0,0.0,0.0,true
28.907162740826607,0.0,0.0,0.0,0.0,0.0,0.0,0.0,0.0,0.0,true
29.007162742316723,0.0,0.0,0.0,0.0,0.0,0.0,0.0,0.0,0.0,true
29.10716274380684,0.0,0.0,0.0,0.0,0.0,0.0,0.0,0.0,0.0,true
29.207162745296955,0.0,0.0,0.0,0.0,0.0,0.0,0.0,0.0,0.0,true
29.30716274678707,0.0,0.0,0.0,0.0,0.0,0.0,0.0,0.0,0.0,true
29.407162748277187,0.0,0.0,0.0,0.0,0.0,0.0,0.0,0.0,0.0,true
29.507162749767303,0.0,0.0,0.0,0.0,0.0,0.0,0.0,0.0,0.0,true
29.60716275125742,0.0,0.0,0.0,0.0,0.0,0.0,0.0,0.0,0.0,true
29.707162752747536,0.0,0.0,0.0,0.0,0.0,0.0,0.0,0.0,0.0,true
29.807162754237652,0.0,0.0,0.0,0.0,0.0,0.0,0.0,0.0,0.0,true
29.907162755727768,0.0,0.0,0.0,0.0,0.0,0.0,0.0,0.0,0.0,true
30.007162757217884,0.0,0.0,0.0,0.0,0.0,0.0,0.0,0.0,0.0,true
30.107162758708,0.0,0.0,0.0,0.0,0.0,0.0,0.0,0.0,0.0,true
30.207162760198116,0.0,0.0,0.0,0.0,0.0,0.0,0.0,0.0,0.0,true
30.307162761688232,0.0,0.0,0.0,0.0,0.0,0.0,0.0,0.0,0.0,true
30.40716276317835,0.0,0.0,0.0,0.0,0.0,0.0,0.0,0.0,0.0,true
30.507162764668465,0.0,0.0,0.0,0.0,0.0,0.0,0.0,0.0,0.0,true
30.60716276615858,0.0,0.0,0.0,0.0,0.0,0.0,0.0,0.0,0.0,true
30.707162767648697,0.0,0.0,0.0,0.0,0.0,0.0,0.0,0.0,0.0,true
30.807162769138813,0.0,0.0,0.0,0.0,0.0,0.0,0.0,0.0,0.0,true
30.90716277062893,0.0,0.0,0.0,0.0,0.0,0.0,0.0,0.0,0.0,true
31.007162772119045,0.0,0.0,0.0,0.0,0.0,0.0,0.0,0.0,0.0,true
31.10716277360916,0.0,0.0,0.0,0.0,0.0,0.0,0.0,0.0,0.0,true
31.207162775099277,0.0,0.0,0.0,0.0,0.0,0.0,0.0,0.0,0.0,true
31.307162776589394,0.0,0.0,0.0,0.0,0.0,0.0,0.0,0.0,0.0,true
31.40716277807951,0.0,0.0,0.0,0.0010562551782046042,-1.3732048396073629e-05,-9.68527440473092e-06,0.0031688189313389633,-3.672490580087079e-05,-2.5887807254511634e-05,true
31.507162779569626,1.9544038613422836e-10,-7.839530488911451e-14,-5.5292554904679524e-14,0.0010563330879411086,-4.98033772255007e-06,-3.5126541998174404e-06,0.0031690052555630828,-1.3431403560671731e-05,-9.467994148652615e-06,true
31.607162781059742,0.002075522773915431,-1.581596993943596e-05,-1.1155073476453208e-05,0.005207353800454499,-4.039454416754514e-05,-2.846581009382295e-05,0.009395488566136506,-7.428799517292568e-05,-5.228692538660534e-05,true
31.707162782549858,0.0022426721654483415,-9.322898402352078e-06,-6.57548143363849e-06,0.005541678225702368,-2.337340057636763e-05,-1.647006284118863e-05,0.009897017096227784,-4.239734500655815e-05,-2.9837141503946465e-05,true
31.807162784039974,0.008228034459868269,-1.681415329608915e-05,-1.1859096608077606e-05,0.017512410178196845,-3.625747036110943e-05,-2.5494896982288342e-05,0.027853126863423422,-5.84572891869694e-05,-4.0966583990800177e-05,true
31.90716278553009,0.021149045293400063,5.6072873903903596e-05,3.954844570577422e-05,0.04335441821964725,0.00011969298097989946,8.380059841188351e-05,0.06661611651976893,0.00019129583977135192,0.00013292752979436137,true
32.00716278702021,0.03317595917926543,4.004260399062256e-05,2.8242225510947245e-05,0.06740825398095746,8.756085535818357e-05,6.107517250851367e-05,0.1026968827726123,0.00014292347787003243,9.860256093827214e-05,true
32.10716278851032,0.04372593768847338,-0.0001377931990863404,-9.718615211394926e-05,0.08850819864350343,-0.0002838816082992168,-0.00019715331518888762,0.13434678108180298,-0.00043863826226917847,-0.00029992986771702355,true
32.20716279000044,0.06826427182524648,-0.0005089662687869587,-0.0003589761580918404,0.13758465638437173,-0.001052269871479014,-0.0007246195123743011,0.207961129592849,-0.0016316487140951822,-0.0010972900447710795,true
32.307162791490555,0.08795322078467788,-0.0006476351812685947,-0.00045677995473257125,0.17696258730021183,-0.0013257519113934902,-0.0009063825801487016,0.2670280783067313,-0.0020363282705451653,-0.0013499783534910818,true
32.40716279298067,0.10389749574660832,-0.0004339551462031596,-0.0003060704819191048,0.20885127544853785,-0.0008844297671423665,-0.0006011355349020064,0.31486133224549273,-0.0013526687796056624,-0.000886440002124849,true
32.50716279447079,0.11787931122665118,-0.00054343457387999,-0.0003832868059619313,0.23681478424493724,-0.0011277407802343562,-0.0007632482377876897,0.35680639786191737,-0.0017549281376656395,-0.0011410119615110985,true
32.6071627959609,0.1309381331653336,-0.0003111356866803407,-0.00021944537447633134,0.24949193338925835,-0.001248430475535417,-0.0008621742560996881,0.36808213180846777,-0.002142327536411944,-0.001420529433442702,true
32.70716279745102,0.14172788468435019,-0.0006525310382673282,-0.00046023302430466906,0.2710729942675718,-0.001573645356285824,-0.0010679129653446409,0.400440072801731,-0.0024651470219276945,-0.0015992529224934566,true
32.807162798941135,0.13452962042715497,-0.00021112357633301304,-0.000148906391174535,0.25667822870194124,-0.0004210058133667767,-0.0002841086822352732,0.36644556218310126,-0.0007379620061617523,-0.0004856637571331089,true
32.90716280043125,0.11182690551417872,-0.00048624981824830696,-0.00034295414516103475,0.22366037733862382,-0.0009986624455931945,-0.0006773099431917774,0.3355004023213048,-0.001538698978042313,-0.0010047729479668453,true
33.00716280192137,0.08751322756814554,-0.0006756049399569768,-0.0004765071491115646,0.17608244491539063,-0.0014000186888990435,-0.0009576727373369761,0.2657076085630446,-0.002176163269493819,-0.0014445533077832972,true
33.107162803411484,0.07778986969297667,-0.0004869426710561195,-0.00034344281730754934,0.15663583609820747,-0.001015523162876213,-0.0006971539565985201,0.23653787092416514,-0.0015875801703178554,-0.001061339905325068,true
33.2071628049016,0.07562678672373702,-0.0004063274898619908,-0.00028658457383707876,0.15230986077757797,-0.0008260493968151605,-0.0005671163761330012,0.2300492155280371,-0.0012602193969096492,-0.0008422434077991469,true
33.307162806391716,0.08159268409004923,-0.00020502443777638474,-0.00014460464180331153,0.1642416799312642,-0.0004240728674508227,-0.0002906710701853686,0.24794698388207104,-0.0006579043389802233,-0.0004384328759863364,true
33.40716280788183,0.09348592930837037,-0.00025363279865876233,-0.0001788883334952682,0.18802817254897353,-0.0005197616421388567,-0.00035466171564075644,0.2836267253983509,-0.0007995384340978274,-0.0005280760613969062,true
33.50716280937195,0.10871525065334803,-9.092352556565217e-05,-6.412876430006624e-05,0.21758894788235233,-0.00018781245252311055,-0.0001275405623466837,0.32661233157139147,-0.00022227544529420835,-0.00014204027325217768,true
33.607162810862064,0.12187038932114891,-0.0005933932691232954,-0.00041852289444470163,0.24479693853123025,-0.0012262751550679877,-0.0008286110446878634,0.3687796229154009,-0.0019014577498984802,-0.0012323618205522563,true
33.70716281235218,0.1262092577858349,-0.00043690620098460166,-0.0003081518738948156,0.2534748971832334,-0.0008647177793893038,-0.000582229230590646,0.38179691728297604,-0.0012833282586064408,-0.0008247817142004102,true
33.8071628138423,0.1292255954734451,-0.00027620201811190485,-0.00019480650369096722,0.25950753765467527,-0.0005524620521241803,-0.00037175345900142015,0.3908458261988267,-0.0008289266119370253,-0.0005323083070122394,true
33.90716281533241,0.13692880123420098,-0.0002814691581072415,-0.00019852144080097299,0.27491387266161194,-0.000598210825252495,-0.00040260033325782913,0.4139552021357549,-0.0009519297880720481,-0.0006125982703004131,true
34.00716281682253,0.14694084129587523,-0.0003501145288792267,-0.0002469373240956511,0.2949378977375438,-0.0007522724589012684,-0.0005048050273531481,0.4439911455205787,-0.0012089171191986324,-0.0007738093854191964,true
34.107162818312645,0.15794599068270443,-0.00033667293161203544,-0.00023745690615539295,0.3169482148806164,-0.0007231707114034121,-0.0004834258925235112,0.47700665185772706,-0.0011619406003623345,-0.0007383182880728793,true
34.20716281980276,0.16937034090503203,-0.00036200940773092237,-0.00025532683470374384,0.339796887647541,-0.0007852238047834098,-0.000523130860934705,0.5112796115959376,-0.0012726407578902215,-0.0008036367655593697,true
34.30716282129288,0.1809473398890561,-0.0002754697344534418,-0.00019429002079127526,0.3629509095172786,-0.0006190939436128303,-0.0004117090831024808,0.5460106767740928,-0.0010344402411359133,-0.0006514977002089371,true
34.40716282278299,0.19254928976336447,-0.0004227555948464808,-0.0002981713888653456,0.38605179548474877,-0.0009486816855143058,-0.0006284154822151021,0.580349194386194,-0.0015826109914277198,-0.0009894112275752967,true
34.50716282427311,0.20386512566827403,-0.0011131277831543062,-0.0007850939434834677,0.4077296831634768,-0.0023258579625276277,-0.0015275516773673007,0.6115936101973503,-0.0036403051962730923,-0.0022349953809100266,true
34.607162825763226,0.2131168886188719,-0.0009898361785932537,-0.0006981358300591953,0.4262331039042272,-0.002115346149754373,-0.0013870247415147022,0.6393485294686048,-0.0033815912932130413,-0.002071626819099952,true
34.70716282725334,0.21392054291261162,-0.0006008439782838684,-0.0004237779125344009,0.42784093304873666,-0.0012538198743211229,-0.0008203854714490153,0.6417611522698434,-0.001960574362371801,-0.0011950835429732755,true
34.80716282874346,0.20844320208956343,-0.0008080231546025618,-0.0005699023009516755,0.41688603966084303,-0.0017051652849833518,-0.0011188759513933739,0.6253284606418683,-0.0026943742305529563,-0.001652077037532285,true
34.907162830233574,0.20023850590322942,-0.0007142871986913559,-0.0005037899171030015,0.40047681010280267,-0.0014830419313572262,-0.0009748462343933035,0.6007148904433236,-0.002308047448261589,-0.0014190496492713415,true
35.00716283172369,0.1909093892541357,-0.0007639058535877844,-0.0005387861736267525,0.38181854749843264,-0.0015835130730704966,-0.0010443116276162992,0.5727274491357164,-0.0024608574673366103,-0.0015224907899607128,true
35.107162833213806,0.18126580306538204,-0.0007758447615355294,-0.0005472067381508183,0.3635876866089708,-0.0016135165917282549,-0.0010676536518762912,0.5469656154284771,-0.002516555312690091,-0.0015664831132173882,true
35.20716283470392,0.17200633628123937,-0.0004755062903574686,-0.0003353766874725371,0.34506895132213933,-0.0009757338184416863,-0.0006472526628520131,0.5191878356091864,-0.001502933398664136,-0.0009396017435069835,true
35.30716283619404,0.16861780089154307,-0.0004718772736252869,-0.000332817125937596,0.33829185916185545,-0.0009754706986018193,-0.0006481749291319372,0.5090221626947571,-0.0015131039873534256,-0.000949318813821147,true
35.407162837684155,0.17287446768290843,-0.000911764871323178,-0.0006430717921067112,0.34680492474697294,-0.0018915124015890287,-0.0012552037790132748,0.521791326631786,-0.002942982892554799,-0.0018418944218489674,true
35.50716283917427,0.18081807996310745,-0.0012304206699438164,-0.0008678211347599172,0.3619759145239074,-0.0025355455128801,-0.0016774483804274493,0.5434173875477993,-0.003917991517817625,-0.002437826845100539,true
35.60716284066439,0.1899517704604738,-0.0014982208182319232,-0.0010567017625429914,0.3799025812513611,-0.0031135370638086203,-0.002054421178005275,0.569852325857655,-0.004849708337737195,-0.0030037123340027555,true
35.7071628421545,0.19244875118587454,-0.002150527569364284,-0.001516776596140422,0.38489555592620095,-0.004468705100942778,-0.002945918129548749,0.5773402097678578,-0.0069590483692699885,-0.004302505646375475,true
35.80716284364462,0.18761572760056433,-0.002693437166875216,-0.001899693133949804,0.3752285378200757,-0.005582950689712567,-0.0036863009941481215,0.5628381385052146,-0.008673836909517627,-0.005378524715210344,true
35.907162845134735,0.17980984190111488,-0.003557186664375687,-0.0025088994707576817,0.35961405901962573,-0.007388156237284274,-0.004892720692901408,0.5394120454757754,-0.011501170677249668,-0.007173158468908412,true
36.00716284662485,0.17080326432642523,-0.004303799189119624,-0.0030354885831454276,0.3416355950830459,-0.008927424785233475,-0.00593079531217462,0.51248991214056,-0.013881852212656164,-0.008710431234759149,true
36.10716284811497,0.16148330978099176,-0.004943529251773529,-0.003486693022792637,0.3238175021151941,-0.010251155428408803,-0.006830954271249527,0.486859331416019,-0.01593542978598916,-0.010054491069395634,true
36.20716284960508,0.15294544312211666,-0.0056258771464099185,-0.0039679560076313364,0.3069313271056382,-0.01168946723902159,-0.007813652855773867,0.4618809632718251,-0.01821025486961547,-0.011558733429256894,true
36.3071628510952,0.15056864853335283,-0.005907066349936197,-0.00416627999522946,0.3021769683335608,-0.012246940272868143,-0.008192283170533055,0.45482291502082284,-0.019043159888916025,-0.012103539459403772,true
36.407162852585316,0.15569866689557943,-0.006675905576676345,-0.00470854569873722,0.31142276443441047,-0.0138539050819588,-0.009254013053228344,0.46716193480530804,-0.021551730482466256,-0.013666611940597508,true
36.50716285407543,0.16361172276221395,-0.00858781073531226,-0.006057020854308624,0.32718118581567013,-0.01794607311938444,-0.01195855198422019,0.49070317683321074,-0.02810012512360765,-0.017740557439988733,true
36.60716285556555,0.1650554013516315,-0.004296961418585406,-0.003030665873376984,0.3174335515659628,-0.014662869185072607,-0.010016038641691606,0.4698356867451132,-0.024669961639956238,-0.0159971261475962,true
36.707162857055664,0.1581674398092125,-0.009904840773534705,-0.0069859279591732455,0.31628205415798394,-0.020619952340345457,-0.013764102159766688,0.47433767824909934,-0.03217263946144255,-0.0203771546932967,true
36.80716285854578,0.1427522683951533,-0.009980335961129481,-0.007039175048536921,0.28601028438119575,-0.020815772639732964,-0.013970031099817239,0.4296732452413101,-0.03253729486785679,-0.02082098278421252,true
36.907162860035896,0.1338321016359536,-0.009988974672057815,-0.007045267969522255,0.26866388690141807,-0.020752275914763675,-0.013966501985394467,0.4044882527406617,-0.032331579487969074,-0.020794726603776188,true
37.00716286152601,0.13120005994880976,-0.010081548699469034,-0.007110560840066252,0.26339383200240013,-0.020991080155577768,-0.01414194634067217,0.39657319836721294,-0.032773152967866814,-0.02112272642962737,true
37.10716286301613,0.1363066930537909,-0.010751935590730607,-0.007583387676378549,0.27360136377285,-0.0223827608001142,-0.015052097406377883,0.4118751784013079,-0.034939457453324815,-0.022439485425660773,true
37.207162864506245,0.14512393938963605,-0.011952671788181587,-0.008430272221537237,0.2903491226889968,-0.02490966156782217,-0.01670508423635484,0.4356321438537328,-0.03890513634622076,-0.024863107554548854,true
37.30716286599636,0.15484603521084175,-0.013289638181193733,-0.009373240525517903,0.3095978846061527,-0.027723598991374516,-0.01853008201836273,0.46424152337558344,-0.043339767093266895,-0.02752136751646644,true
37.40716286748648,0.15743357024832852,-0.013575117498969372,-0.009574590349650696,0.3147582539190803,-0.02835878294919157,-0.018938699482917997,0.47196042616519185,-0.04439280606723931,-0.028145828686395938,true
37.50716286897659,0.15281414141143948,-0.013606209288137034,-0.009596519525920489,0.30551900425255496,-0.028388482833979538,-0.018988480235125352,0.4581012128543871,-0.04438724418275218,-0.028227084377096923,true
37.60716287046671,0.14556160411167107,-0.01317469122667128,-0.009292167930634213,0.29114143384431157,-0.027453424853548798,-0.018408498675310532,0.43670693932268034,-0.04287491691231928,-0.02739364538458567,true
37.707162871956825,0.13775099209118813,-0.012936473110382415,-0.009124151640719634,0.2764555640799906,-0.026977528821761847,-0.018134364284374586,0.4161002272858614,-0.04218051138413609,-0.027069340113921626,true
37.80716287344694,0.13285625242509314,-0.012795106188212287,-0.009024444925925251,0.2666652288887758,-0.02667872442801783,-0.0179645434572106,0.40141331958872306,-0.04170800599522667,-0.026855821656248995,true
37.90716287493706,0.13489054481350488,-0.013120748688002849,-0.009254122019782271,0.2707295681721438,-0.02736207804179732,-0.018411559435970247,0.40750284496163486,-0.04278286968077738,-0.02751006468836968,true
38.007162876427174,0.1423470130516537,-0.014081672153232748,-0.009931865585364049,0.28518507956408434,-0.029381511372576784,-0.01972181497510425,0.4283951197814422,-0.04594154812926644,-0.029407504890126744,true
38.10716287791729,0.15156426261668068,-0.015242389148011255,-0.010750524410064875,0.3029993646306727,-0.0318154947444996,-0.02129071529770623,0.45428610567225,-0.04976326047687722,-0.03167486885677416,true
38.207162879407406,0.1575599718676317,-0.01584271729500594,-0.011173938504511965,0.31496881443379887,-0.03312255260087546,-0.022120204138329685,0.4722075051817374,-0.051887694702456584,-0.03289914802615702,true
38.30716288089752,0.1559136569432337,-0.01571303355895315,-0.011082471992504835,0.31167945944210695,-0.03282976855483251,-0.021936718401949065,0.4672789163656209,-0.05139793621200013,-0.03262252639877347,true
38.40716288238764,0.15003637357968289,-0.015022163678089144,-0.010595198413127933,0.29993732838141196,-0.03134032987541172,-0.020983662199012664,0.4496862935774003,-0.04899893178054954,-0.031219507727007767,true
38.507162883877754,0.1425428686449809,-0.014235102626470916,-0.01004008077602594,0.2855296223288838,-0.02968494514721042,-0.019923856758749567,0.4288516076966342,-0.04639203959632271,-0.02969122320157316,true
38.60716288536787,0.13494053557031352,-0.013521361059775184,-0.009536675695580164,0.270821584095084,-0.02820968519424199,-0.01898198716744289,0.40762783509468503,-0.04412566765854381,-0.028374114633150038,true
38.70716288685799,0.13302656111902153,-0.013366186514928638,-0.009427230403507224,0.26699640491670873,-0.027870550248065222,-0.018766006340360672,0.4018946666233678,-0.04357281249011356,-0.028053556759415066,true
38.8071628883481,0.13859839159131201,-0.014005735577184226,-0.009878307182773804,0.2781299694172306,-0.029238462790540185,-0.019649362290933503,0.4184644278087084,-0.04574849374628369,-0.029346972643764242,true
38.90716288983822,0.14750813408650573,-0.015081194642311814,-0.010636833213004977,0.2948932637390203,-0.03143096708669983,-0.02106205493310375,0.4421368192464208,-0.04909124227469054,-0.031327997458179324,true
39.007162891328335,0.15732928656667858,-0.015940513575462903,-0.011242914653202103,0.3145113533005808,-0.03332234606000234,-0.02225524626982537,0.47152590430568025,-0.052194038905661724,-0.033097827933786766,true
39.10716289281845,0.15970514533691943,-0.016282235912607596,-0.011483932927388979,0.3192514089696741,-0.03405396667322644,-0.022725343170142215,0.47861863390416104,-0.05336542104831167,-0.03378811689949019,true
39.20716289430857,0.1554042412301916,-0.01587575741827525,-0.011197241849431789,0.31065601291317513,-0.033179088173660165,-0.022174522743638667,0.46573595872895757,-0.05196014969077026,-0.032992413014520425,true
39.30716289579868,0.14842159490234202,-0.015011686645467606,-0.010587808915730303,0.2967081497411289,-0.03130334780509351,-0.020970417260527487,0.4448433001283151,-0.04891861927794831,-0.03120097785065379,true
39.4071628972888,0.14053926236296008,-0.014078982936755897,-0.009929968869101422,0.2817971753043662,-0.02938951592162721,-0.01973871818642141,0.42361948048184117,-0.04597521361384051,-0.029460110969368288,true
39.507162898778915,0.1328297263564475,-0.013194056320078843,-0.009305826216573485,0.2666058884933419,-0.027507774833229345,-0.018522898812428315,0.4013141084898918,-0.04299958085760826,-0.027687698091436015,true
39.60716290026903,0.13099576152137796,-0.012916669116451058,-0.009110183796301777,0.2629411766831572,-0.026929113095551745,-0.01814501500300119,0.3958222535626743,-0.042094982467763394,-0.027139322134823958,true
39.70716290175915,0.136631509692717,-0.013432529076864416,-0.009474022105555448,0.2742038558674562,-0.02804824709369265,-0.018862835722420847,0.4127016452231977,-0.04390797857759646,-0.028204313398463486,true
39.807162903249264,0.14562252545476326,-0.014302720698151925,-0.010087772100732936,0.2912576183237077,-0.029853006322665687,-0.020018730343995626,0.4368647865233797,-0.04669259748693704,-0.029837654787311048,true
39.90716290473938,0.1554712486821144,-0.015204230684041456,-0.010723611076835128,0.31080635088311126,-0.03178754144408073,-0.02124438032863725,0.465986697262028,-0.04979532862602097,-0.03161747673227161,true
40.007162906229496,0.15866969921388654,-0.015478447969199574,-0.010917017739604837,0.3171907253697686,-0.032411848887107464,-0.021638949269573632,0.47554380432085747,-0.05084980394917103,-0.032223672491429614,true
40.10716290771961,0.1546298886891473,-0.014988392414713229,-0.010571379391860595,0.3091233039040189,-0.031323600966819326,-0.020940142666175242,0.4634631335215754,-0.04905130179967164,-0.03116152178648192,true
40.20716290920973,0.14772000510711655,-0.014231940608412817,-0.01003785059071912,0.2953164000113339,-0.029693255352193398,-0.01989730820541125,0.44277408294415893,-0.046425851875458335,-0.029627312045682322,true
40.307162910699844,0.1401388595040721,-0.013499394161475668,-0.009521182345155295,0.28117102206630684,-0.028198048912905307,-0.018940675104438285,0.42291523148584886,-0.04413851685028291,-0.028288101509097337,true
40.40716291218996,0.13459031439015318,-0.012982409894426925,-0.009156551057464274,0.2701286757000344,-0.027097345012843096,-0.018236144184265796,0.40660073511348355,-0.042403245581450554,-0.027274457648235446,true
40.50716291368008,0.13563263261448283,-0.012723505289027548,-0.008973944495382934,0.27221777675962666,-0.02656259835155725,-0.01786983963948595,0.40974158753872003,-0.04157521887724709,-0.026723403234184942,true
40.60716291517019,0.14265955792675553,-0.013034930061884548,-0.009193593763616904,0.28586693686637554,-0.027225206895152336,-0.01827305175259471,0.42949893553830637,-0.042610821474150906,-0.027271746658185027,true
40.70716291666031,0.15182773285456633,-0.01367171541690663,-0.009642721287961073,0.3035483232481535,-0.028586657805773734,-0.019129963063357777,0.4551460119667718,-0.04478583794288367,-0.028507926765709575,true
40.807162918150425,0.15902883273266674,-0.014923181855278161,-0.010525386096177541,0.3179103495253134,-0.03134069137006536,-0.020924635437616024,0.47662472001783557,-0.04930230588999644,-0.03124809474734064,true
40.90716291964054,0.158425481019829,-0.014271160969335209,-0.01006551288456121,0.31672179710373016,-0.02991006713449102,-0.01997137748576681,0.4748719171916335,-0.046964057516763066,-0.029769694744899364,true
41.00716292113066,0.15312490762963166,-0.013491129302695512,-0.009515353103741825,0.30613708749640073,-0.0282057723111,-0.01886630300245058,0.4590222897746355,-0.04418584836813175,-0.028100871202030937,true
41.10716292262077,0.1458313115544501,-0.012653956804724729,-0.008924891642124821,0.29156177392819194,-0.02642081515521058,-0.017717004042624412,0.43717902601342723,-0.041337582487711515,-0.026416694087821366,true
41.20716292411089,0.13792238003786966,-0.011903042523545283,-0.008395268481917077,0.27667736099167517,-0.0248872286337083,-0.016731160480017486,0.4160995356728673,-0.038989250980913916,-0.025030803873481586,true
41.307162925601006,0.13069563904953038,-0.011157702106140525,-0.007869576592456082,0.2623662295100959,-0.023279561387932517,-0.015688089653853345,0.3950011193790578,-0.03641505007690792,-0.023483939009419266,true
41.40716292709112,0.12959428842546647,-0.01085074546913611,-0.0076530787201800725,0.26016578276905084,-0.022656228977895623,-0.015274509126068314,0.39170408054677264,-0.035464774060232435,-0.022890348234194228,true
41.50716292858124,0.13561671398541775,-0.011613415946371282,-0.008190993577407182,0.2721964713895365,-0.02431832902768276,-0.016362492209074965,0.4097264972047995,-0.03816928864034316,-0.02454322782336547,true
41.607162930071354,0.14476418130058383,-0.012210844930098838,-0.008612362879192875,0.2894491154966685,-0.025536766104846523,-0.017131991123874604,0.4340396738309893,-0.04001354755225718,-0.02559398950213194,true
41.70716293156147,0.1548647483806746,-0.012005146660713029,-0.00846728298097831,0.30965283434952506,-0.02517762795980773,-0.016833173921238512,0.46434960286452853,-0.039556293159818366,-0.02513652075037229,true
41.807162933051586,0.15769206423879648,-0.012343484694512491,-0.008705914291063257,0.3152825133846908,-0.0259228468404924,-0.017315491920798023,0.4727576523533308,-0.040779809689739266,-0.025869503189111992,true
41.9071629345417,0.1533361443731247,-0.011214320173415889,-0.007909509565455521,0.30658841346487486,-0.023521885586503314,-0.015734892260285425,0.4597457328792772,-0.036959506579906834,-0.023511679677258434,true
42.00716293603182,0.1464412633711316,-0.010279633226675855,-0.007250270732282915,0.2932909483026956,-0.02155123267389395,-0.014449039658581535,0.4404592581854234,-0.03384880270335001,-0.021621928874785513,true
42.107162937521935,0.1390505194485147,-0.00860833665028364,-0.006071497872825602,0.2791075210872221,-0.018022978095508006,-0.012111807682241717,0.42016409802195587,-0.028285617860425133,-0.01814461397820152,true
42.20716293901205,0.13716882717742548,-0.007781423387494657,-0.005488272295109706,0.2753520406024776,-0.016302812586924335,-0.010963464141899793,0.4145438146080704,-0.02560190769745465,-0.016445472918922628,true
42.30716294050217,0.1426628646924921,-0.0072217158747433915,-0.005093508113464713,0.28634669966336734,-0.015140411558917103,-0.010162348539458268,0.4310465098921513,-0.023792050190060608,-0.015226947228904247,true
42.40716294199228,0.15160033023984426,-0.007478899698089589,-0.005274901000361178,0.30418409249878636,-0.015741189264605514,-0.010534577591293084,0.45756811451693924,-0.024816130354330022,-0.0157951833726837,true
42.5071629434824,0.16192275568930614,-0.0068063102292143275,-0.004800520676326511,0.32430361552863524,-0.014336432898014144,-0.009561696645905973,0.4870505650072007,-0.02261710771066032,-0.01430429264697368,true
42.607162944972515,0.1719114459921015,-0.007211013065596777,-0.0050859593748864215,0.34385721417937337,-0.015224822555426402,-0.010121268974947403,0.5158251483559599,-0.02407069851195177,-0.015132399647730596,true
42.70716294646263,0.17693293928744938,-0.006217105971442678,-0.004384952310096029,0.35388838488248286,-0.013144758386384753,-0.008723736195954703,0.5308583658782796,-0.020810043721738242,-0.013041027130476682,true
42.80716294795275,0.1741354268822176,-0.005389478194908837,-0.0038012227826790188,0.3482883509145329,-0.011400069330045136,-0.007573582426224531,0.5224534171250675,-0.018054952797267983,-0.011336841168290961,true
42.90716294944286,0.16734662077985124,-0.004016844964534754,-0.0028330985007236444,0.3357385028394245,-0.008485584014544748,-0.005648427562667455,0.5051710892161736,-0.013429814468597985,-0.008460567248295007,true
43.00716295093298,0.159414954988066,-0.0032752107602512176,-0.002310020619751851,0.3198785902976576,-0.006916331717372642,-0.00461667447266346,0.4813897010557674,-0.010942494486025599,-0.0069304103038534005,true
43.107162952423096,0.15668315458497206,-0.0024805673395947555,-0.0017495551042667427,0.314418656316122,-0.005211087739647471,-0.0034807596476112146,0.47320592070691636,-0.00820453816852307,-0.005202219492796367,true
43.20716295391321,0.16148436905633792,-0.0016872637693411395,-0.0011900345911904932,0.3240234754885717,-0.003527889871038947,-0.002351810396037003,0.4876171004618438,-0.005529722822439586,-0.0034923487069756926,true
43.30716295540333,0.16984918147538486,-0.0012344278311203583,-0.0008706474032421845,0.3407540019746136,-0.002566496406104855,-0.0017052131390190616,0.5127143747744214,-0.004001002205321288,-0.0025101592757252973,true
43.407162956893444,0.17984479678479146,-0.001018859838940106,-0.0007186063459342592,0.3607454733376023,-0.0021199006516007504,-0.0014034880860671205,0.5427019733284895,-0.003306900459876882,-0.0020605672745660102,false
43.50716295838356,0.19060374954717524,-0.000530435912806631,-0.00037411879287616506,0.38149614179428853,-0.0010713817405784802,-0.0007052799251185393,0.5726246942845077,-0.0016224942304898498,-0.0009989074875908612,false
43.607162959873676,0.20118227437966607,-0.00013966901821687105,-9.850917563446264e-05,0.40238662655467783,-0.0002489210257104991,-0.00016158563037156157,0.6036106496197873,-0.00032589245357793323,-0.00019294100780019207,false
43.70716296136379,0.20410733777121096,-0.00012173503893177082,-8.586026080871673e-05,0.4082146836071037,-0.0002291002947830457,-0.00014922519450524517,0.6123220369632703,-0.0003210644826549453,-0.00019260580847731067,false
43.80716296285391,0.19920443807855467,0.0005817843330471935,0.0004103350605395885,0.3984085370268085,0.0012699597592246456,0.0008380563062721651,0.5976122251124878,0.002068255610599355,0.0012833514381177498,false
43.907162964344025,0.19108542526713657,0.0006373982447264885,0.000449559798160558,0.38282977407414814,0.0013815002438373701,0.0009135805454470613,0.5751243390598142,0.0022365772753964045,0.001392764455756461,false
44.00716296583414,0.18202125878327657,0.0012182742177900287,0.000859254188390357,0.3650975871846167,0.002618126174521965,0.0017356248028322107,0.5492287465785979,0.004208169910875463,0.0026316850743873773,false
44.10716296732426,0.1780772320127223,0.0009478083858539597,0.0006684934421528428,0.35721009078109045,0.0020252084630508955,0.0013439287147928752,0.537398448981464,0.0032385332567084653,0.0020288945954638716,false
44.20716296881437,0.18175265141071306,0.0010565518942088387,0.0007451907190464556,0.36456078271759884,0.00225608551244568,0.0014951454032183442,0.5484242426793547,0.003605428662834398,0.002252952074078139,false
44.30716297030449,0.18929475677210625,0.0009533691704029535,0.0006724154880639242,0.37957605870805833,0.0020359107588235593,0.0013456943310967556,0.5706793614746803,0.003252673340577299,0.002022500872421643,false
44.407162971794605,0.1984624115439725,0.0008711157001488817,0.0006144017520811818,0.3969251491817183,0.0018567408806292483,0.0012235655243968643,0.5953878599444478,0.002960679968760275,0.0018309075258703307,false
44.50716297328472,0.20657628525009938,0.0010438368036049014,0.0007362227094656447,0.41315178768426447,0.0022325407512856074,0.0014673540093984307,0.6197263744075461,0.0035709514163616506,0.002197549526764807,false
44.60716297477484,0.2067225977608195,0.0007342396060753844,0.0005178624381847471,0.4134448575679689,0.0015581528333763748,0.0010234665600656015,0.6201667274449625,0.002474693798113887,0.0015206833234517293,false
44.707162976264954,0.20071833712172737,0.0006904293933492723,0.000486962901586598,0.401436336628964,0.0014728764980001517,0.0009698882195827571,0.6021539430906175,0.0023503763346804604,0.0014514882820069314,false
44.80716297775507,0.19206879812994893,0.0006202276015531152,0.0004374492676669871,0.38479817054213633,0.0013297345760267735,0.0008784038876448574,0.5780791709174713,0.0021319286248111112,0.0013244489664688518,false
44.907162979245186,0.18269919537277005,0.00044229791315817616,0.0003119546723125177,0.3664545746879744,0.0009480075387623065,0.0006282034774649002,0.5512661084865744,0.0015202171583535294,0.0009499000633410104,false
45.0071629807353,0.17854457775905314,0.0003903604263598982,0.00027532293340332175,0.35814537705079974,0.0008346918688600137,0.0005538358042437333,0.5388023761225295,0.0013355495805520592,0.0008365241606332371,false
45.10716298222542,0.18209964170169035,0.000299256492529484,0.0002110669263570385,0.36525554098708507,0.0006483832936934774,0.0004300418305453334,0.5494676800068017,0.001049840289424119,0.0006573177407514405,false
45.207162983715534,0.18957826014979084,0.00021172286988905073,0.00014932907556740912,0.38021282265310785,0.0004589508461936953,0.0003036219572220086,0.5717489913320426,0.000743240082160828,0.00046311571604933685,false
45.30716298520565,0.1988655781504008,2.133200621039427e-05,1.5045558229329218e-05,0.39773234103726685,5.423692430019077e-05,3.6143228168226937e-05,0.5965999458237485,9.929004871959567e-05,6.284986714685871e-05,false
45.40716298669577,0.20807593946481273,3.296740078994239e-05,2.3252053433822092e-05,0.4161518745662913,8.684373318475596e-05,5.7838869967859644e-05,0.6242278028356267,0.00016264523905594566,0.00010281375527125329,false
45.50716298818588,0.20951933361199085,-5.825140961092571e-05,-4.108497656515035e-05,0.419038669158872,-0.00010906905272974238,-7.085555591098714e-05,0.6285580065035449,-0.00015183689848336754,-9.054923270666969e-05,false
45.607162989676,0.20395909947229762,-0.00018193821266005532,-0.0001283218252291307,0.40791819106747895,-0.00037250245966806666,-0.0002442681181352197,0.6118772744276872,-0.0005716856100216405,-0.0003496141094054629,false
45.707162991166115,0.19528805158055149,-0.0002886941838633465,-0.00020361728338838577,0.3907512680326769,-0.0006003430099038301,-0.00039535367636897166,0.586360780234344,-0.0009355565665308713,-0.00057723658713372,false
45.80716299265623,0.18559555879153886,-0.00036525654465770034,-0.0002576170547247111,0.3722473951263233,-0.0007641845506951837,-0.0005050683821930311,0.5599555002290706,-0.001198294896777976,-0.0007443816031421656,false
45.90716299414635,0.17767074602186259,-0.0004016459383566153,-0.00028328265487629153,0.3563977641336671,-0.0008353964634773439,-0.0005534990558171882,0.5361810456269078,-0.001302725629164934,-0.0008129235786343844,false
46.00716299563646,0.1763385540127353,-0.0004266480785420658,-0.0003009167748136256,0.3537333611142302,-0.0008908986619552077,-0.0005907048413999606,0.532184409418165,-0.0013945422306557418,-0.0008715793404317823,true
46.10716299712658,0.18154900659908638,-0.000460992677506558,-0.0003251401722046991,0.3641542508003106,-0.0009637532257651979,-0.000637863844290848,0.5478157187264244,-0.0015101696583095623,-0.0009406265706089811,true
46.207162998616695,0.18984579857183814,-0.00043460199843661134,-0.00030652670965728297,0.38060835750465116,-0.0009075467755790192,-0.0005988548922634151,0.5721350847518194,-0.0014200183718899857,-0.0008794072116832597,true
46.30716300010681,0.19927021518148122,-0.000539243759417406,-0.0003803310060056008,0.39854080589732355,-0.001133818071321408,-0.0007462327017293707,0.5978115653468694,-0.0017852827054210493,-0.001100833038732809,true
46.40716300159693,0.2065526368343857,-0.0006148604109397307,-0.0004336637644140282,0.4131050567844414,-0.0012987093258405374,-0.0008528082325670932,0.6196572292879132,-0.002053607106085471,-0.0012610018484472633,true
46.507163003087044,0.2056695099349407,-0.0006350821076284048,-0.0004479262164321152,0.4113387957004717,-0.0013390273174474637,-0.0008794459021988138,0.6170078265312033,-0.0021138842782281193,-0.001298383959244535,true
46.60716300457716,0.19910392568822946,-0.0006908012165637227,-0.0004872251501425404,0.3982075556632979,-0.001462138714566423,-0.0009628324537665808,0.5973108462798566,-0.002316595526220565,-0.0014302753093720143,true
46.707163006067276,0.19011582698463098,-0.0006463351290292909,-0.0004558630221442953,0.3810646251733536,-0.0013620082490685727,-0.000899236107004488,0.5727090709003582,-0.0021494283652036886,-0.0013330591325080062,true
46.80716300755739,0.18052813663340814,-0.0005976730146143215,-0.0004215414178483077,0.36211240369984243,-0.0012587501387334213,-0.0008338142636297475,0.5447527699179244,-0.0019861864174615324,-0.0012394686193490127,true
46.90716300904751,0.17634312931295543,-0.0005531799583770795,-0.0003901602687048174,0.3537424206320149,-0.0011635630916112189,-0.0007718491084002497,0.5321978475738701,-0.0018338722271013094,-0.0011474718744445551,true
47.007163010537624,0.18000078718418233,-0.0005353554975821912,-0.0003775885977540929,0.36105773640442607,-0.0011306181240214384,-0.000749211764930503,0.5431708199056047,-0.0017886070848836364,-0.0011170615380864304,true
47.10716301202774,0.18755834666234852,-0.0005424695717798667,-0.0003826061857171389,0.3761728575730949,-0.0011457134658700518,-0.0007571783908032428,0.565843505415021,-0.001812539535324407,-0.0011262016860274955,true
47.20716301351786,0.1969802523184197,-0.0005809578129459755,-0.0004097521122604657,0.3939941063756058,-0.0012312665085406549,-0.0008114806726225432,0.5910359573767131,-0.00195314223384031,-0.0012078475447456817,true
47.30716301500797,0.2067737909752587,-0.0004743870958831495,-0.0003345873146649713,0.4135474623017835,-0.0009983370429166257,-0.0006553358341879787,0.6203209981062695,-0.0015732877431303845,-0.0009652779666955684,true
47.40716301649809,0.20894132651546748,-0.00036369216104099585,-0.0002565136880480847,0.4178825837510629,-0.0007652178014601976,-0.0005019097854703834,0.6268237625855779,-0.0012056553956449369,-0.0007385873226650829,true
47.507163017988205,0.2037421295232262,-0.0003752236093617503,-0.0002646468694969947,0.4074841753484465,-0.0007934321338320597,-0.0005215813808123127,0.6112261251333052,-0.0012560694434022074,-0.000772930183089536,true
47.60716301947832,0.19530681926926172,-0.00030623219313031646,-0.00021598691881086836,0.3906135899431168,-0.0006420300227246409,-0.0004230742509926856,0.5859203059113532,-0.0010082661962323822,-0.0006231034510357036,true
47.70716302096844,0.18553992489146443,-0.0003446960837869775,-0.00024311567083229623,0.3721361210662814,-0.0007278310786497479,-0.00048134671415682884,0.5597869756197924,-0.0011511455345728473,-0.0007162055302844411,true
47.80716302245855,0.17572636854779,-0.000380647777277233,-0.0002684725590928607,0.3525089948372398,-0.0008006672620389853,-0.0005312394937953089,0.5303478666754078,-0.0012617996405936012,-0.0007898444973493866,true
47.90716302394867,0.17160313338536984,-0.00039180635914386495,-0.00027634275618427834,0.34426251195276214,-0.0008262393129012014,-0.0005490979180233773,0.5179781208784402,-0.0013053231895326486,-0.0008197210580115536,true
48.007163025438786,0.17540375409689657,-0.0003623498276166333,-0.00025556693435318,0.35186376235459466,-0.0007672554696102042,-0.0005093413081151757,0.5293800108786362,-0.0012166040886681,-0.0007624977791565821,true
48.1071630269289,0.18309580065792352,-0.00021202993014957937,-0.00014954564652581458,0.3671710874756654,-0.0004464167491843805,-0.0002954443251308774,0.5520644660634724,-0.0007037048395129105,-0.0004383829974560924,true
48.20716302841902,0.19237596852022787,-0.00019549452751499202,-0.00013788315399087126,0.38475191091647265,-0.0004151974239434424,-0.00027413209311390933,0.5771278239205884,-0.0006592835540352348,-0.0004090918889173077,true
48.307163029909134,0.20044890307981286,1.1166195613704774e-05,7.875567100867188e-06,0.40089780551663334,3.0722733808734935e-05,2.055545193382721e-05,0.6013467081523277,4.81218737760464e-05,2.992106388634569e-05,true
48.40716303139925,0.20052255499379845,-0.00022734514772040551,-0.00016034753714426158,0.38866378631142295,-0.000641143438979202,-0.00043092368480069396,0.576805118932448,-0.0010301438472245226,-0.0006481051249409016,true
48.507163032889366,0.19320665813612434,-0.00015446015513934954,-0.00010894142985613521,0.3740323408046799,-0.00027429765252659326,-0.00017956926595781607,0.5424768955461894,-0.0005137077729589319,-0.0003270926083146725,true
48.60716303437948,0.17438155097297375,-0.000505513393781924,-0.000356540830095286,0.3363821828062176,-0.0009659604977645545,-0.0006405579169343162,0.4860001979397207,-0.0017907841039387492,-0.0011547138628444766,true
48.7071630358696,0.1464034906643142,-0.0008293092989192317,-0.0005849155125847339,0.2804239311013871,-0.0019155006665179794,-0.0012957216943285258,0.41447248817433785,-0.0029464831552684944,-0.0019003735637578814,true
48.807163037359715,0.11596660850482386,-0.0008311826411694713,-0.0005862367891506346,0.2195511261568887,-0.001749668602952874,-0.0011912192375781996,0.3231785283752465,-0.002642205864926333,-0.0017336644242094711,true
48.90716303884983,0.08489826680092319,-0.00017878619879415107,-0.00012609869592327067,0.16981408754799818,-0.0003518218005582475,-0.00024058922890933846,0.2547474600447171,-0.0005200193296842979,-0.00034480745704895547,true
49.00716304033995,0.049295572651679206,0.0,0.0,0.08620948729237907,-0.00022082691886740873,-0.00015575020153538334,0.12345548797939968,-0.00041425313204485113,-0.0002880830408557006,true
49.10716304183006,0.00973370277511193,-7.19531310109526e-05,-5.074886120557867e-05,0.02052371912419195,-0.0001519852542324645,-0.00010680965991105045,0.032370048773173066,-0.00024013246056649455,-0.00016808785023577537,true
49.20716304332018,3.871317833670907e-05,-1.4870036293162715e-07,-1.0487902296409625e-07,3.871317833670907e-05,-1.4870036293162715e-07,-1.0487902296409625e-07,3.871317833670907e-05,-1.4870036293162715e-07,-1.0487902296409625e-07,true
49.307163044810295,3.03637596036512e-05,0.0,0.0,0.0011170605524150135,-4.978568646485632e-06,-3.51140646269425e-06,0.00326009747446804,-1.318499290699148e-05,-9.29412628351687e-06,true
49.40716304630041,2.062083025241564e-05,-5.2618157366551485e-08,-3.711181886834011e-08,2.062083025241564e-05,-5.2618157366551485e-08,-3.711181886834011e-08,2.062083025241564e-05,-5.2618157366551485e-08,-3.711181886834011e-08,true
49.50716304779053,1.0696871045005063e-05,0.0,0.0,1.0696871045005063e-05,0.0,0.0,1.0696871045005063e-05,0.0,0.0,true
49.60716304928064,6.200818636049191e-06,0.0,0.0,6.200818636049191e-06,0.0,0.0,6.200818636049191e-06,0.0,0.0,true
49.70716305077076,3.318847585466806e-06,0.0,0.0,3.318847585466806e-06,0.0,0.0,3.318847585466806e-06,0.0,0.0,true
49.807163052260876,1.7337811401310316e-06,0.0,0.0,1.7337811401310316e-06,0.0,0.0,1.7337811401310316e-06,0.0,0.0,true
49.90716305375099,4.6452451040559154e-07,0.0,0.0,4.6452451040559154e-07,0.0,0.0,4.6452451040559154e-07,0.0,0.0,true
50.00716305524111,5.327666316624118e-07,0.0,0.0,5.327666316624118e-07,0.0,0.0,5.327666316624118e-07,0.0,0.0,true
50.107163056731224,3.439241128135617e-07,0.0,0.0,3.439241128135617e-07,0.0,0.0,3.439241128135617e-07,0.0,0.0,true
50.20716305822134,1.9337544396047325e-07,0.0,0.0,1.9337544396047325e-07,0.0,0.0,1.9337544396047325e-07,0.0,0.0,true
50.307163059711456,0.0,0.0,0.0,0.0,0.0,0.0,0.0,0.0,0.0,true
50.40716306120157,5.9117245982288076e-08,0.0,0.0,5.9117245982288076e-08,0.0,0.0,5.9117245982288076e-08,0.0,0.0,true
50.50716306269169,3.89582233983784e-08,0.0,0.0,3.89582233983784e-08,0.0,0.0,3.89582233983784e-08,0.0,0.0,true
50.607163064181805,2.3482783239147215e-08,0.0,0.0,2.3482783239147215e-08,0.0,0.0,2.3482783239147215e-08,0.0,0.0,true
50.70716306567192,1.3142349948349481e-08,0.0,0.0,1.3142349948349481e-08,0.0,0.0,1.3142349948349481e-08,0.0,0.0,true
50.80716306716204,9.140488544329897e-09,0.0,0.0,9.140488544329897e-09,0.0,0.0,9.140488544329897e-09,0.0,0.0,true
50.90716306865215,3.6725576067271357e-09,0.0,0.0,3.6725576067271357e-09,0.0,0.0,3.6725576067271357e-09,0.0,0.0,true
51.00716307014227,3.1105633806258087e-09,0.0,0.0,3.1105633806258087e-09,0.0,0.0,3.1105633806258087e-09,0.0,0.0,true
51.107163071632385,5.564007916040179e-09,0.0,0.0,5.564007916040179e-09,0.0,0.0,5.564007916040179e-09,0.0,0.0,true
51.2071630731225,2.4709422050004235e-09,0.0,0.0,2.4709422050004235e-09,0.0,0.0,2.4709422050004235e-09,0.0,0.0,true
51.30716307461262,5.4481267586620965e-09,0.0,0.0,5.4481267586620965e-09,0.0,0.0,5.4481267586620965e-09,0.0,0.0,true
51.407163076102734,3.4648827377358875e-09,0.0,0.0,3.4648827377358875e-09,0.0,0.0,3.4648827377358875e-09,0.0,0.0,true
51.50716307759285,3.5185263136776745e-09,0.0,0.0,3.5185263136776745e-09,0.0,0.0,3.5185263136776745e-09,0.0,0.0,true
51.607163079082966,0.0,0.0,0.0,0.0,0.0,0.0,0.0,0.0,0.0,true
51.70716308057308,0.0,0.0,0.0,0.0,0.0,0.0,0.0,0.0,0.0,true
51.8071630820632,0.0,0.0,0.0,0.0,0.0,0.0,0.0,0.0,0.0,true
51.907163083553314,0.0,0.0,0.0,0.0,0.0,0.0,0.0,0.0,0.0,true
52.00716308504343,0.0,0.0,0.0,0.0,0.0,0.0,0.0,0.0,0.0,true
52.10716308653355,0.0,0.0,0.0,0.0,0.0,0.0,0.0,0.0,0.0,true
52.20716308802366,0.0,0.0,0.0,0.0,0.0,0.0,0.0,0.0,0.0,true
52.30716308951378,0.0,0.0,0.0,0.0,0.0,0.0,0.0,0.0,0.0,true
52.407163091003895,0.0,0.0,0.0,0.0,0.0,0.0,0.0,0.0,0.0,true
52.50716309249401,0.0,0.0,0.0,0.0,0.0,0.0,0.0,0.0,0.0,true
52.60716309398413,0.0,0.0,0.0,0.0,0.0,0.0,0.0,0.0,0.0,true
52.70716309547424,0.0,0.0,0.0,0.0,0.0,0.0,0.0,0.0,0.0,true
52.80716309696436,0.0,0.0,0.0,0.0,0.0,0.0,0.0,0.0,0.0,true
52.907163098454475,0.0,0.0,0.0,0.0,0.0,0.0,0.0,0.0,0.0,true
53.00716309994459,0.0,0.0,0.0,0.0,0.0,0.0,0.0,0.0,0.0,true
53.10716310143471,0.0,0.0,0.0,0.0,0.0,0.0,0.0,0.0,0.0,true
53.207163102924824,0.0,0.0,0.0,0.0,0.0,0.0,0.0,0.0,0.0,true
53.30716310441494,0.0,0.0,0.0,0.0,0.0,0.0,0.0,0.0,0.0,true
53.407163105905056,0.0,0.0,0.0,0.0,0.0,0.0,0.0,0.0,0.0,true
53.50716310739517,0.0,0.0,0.0,0.0,0.0,0.0,0.0,0.0,0.0,true
53.60716310888529,0.0,0.0,0.0,0.0,0.0,0.0,0.0,0.0,0.0,true
53.707163110375404,0.0,0.0,0.0,0.0,0.0,0.0,0.0,0.0,0.0,true
53.80716311186552,0.0,0.0,0.0,0.0,0.0,0.0,0.0,0.0,0.0,true
53.90716311335564,0.0,0.0,0.0,0.0,0.0,0.0,0.0,0.0,0.0,true
54.00716311484575,0.0,0.0,0.0,0.0,0.0,0.0,0.0,0.0,0.0,true
54.10716311633587,0.0,0.0,0.0,0.0,0.0,0.0,0.0,0.0,0.0,true
54.207163117825985,0.0,0.0,0.0,0.0,0.0,0.0,0.0,0.0,0.0,true
54.3071631193161,0.0,0.0,0.0,0.0,0.0,0.0,0.0,0.0,0.0,true
54.40716312080622,0.0,0.0,0.0,0.0,0.0,0.0,0.0,0.0,0.0,true
54.50716312229633,0.0,0.0,0.0,0.0,0.0,0.0,0.0,0.0,0.0,true
54.60716312378645,0.0,0.0,0.0,0.0,0.0,0.0,0.0,0.0,0.0,true
54.707163125276566,0.0,0.0,0.0,0.0,0.0,0.0,0.0,0.0,0.0,true
54.80716312676668,0.0,0.0,0.0,0.0,0.0,0.0,0.0,0.0,0.0,true
54.9071631282568,0.0,0.0,0.0,0.0,0.0,0.0,0.0,0.0,0.0,true
55.007163129746914,0.0,0.0,0.0,0.0,0.0,0.0,0.0,0.0,0.0,true
55.10716313123703,0.0,0.0,0.0,0.0,0.0,0.0,0.0,0.0,0.0,true
55.207163132727146,0.0,0.0,0.0,0.0,0.0,0.0,0.0,0.0,0.0,true
55.30716313421726,0.0,0.0,0.0,0.0,0.0,0.0,0.0,0.0,0.0,true
55.40716313570738,0.0,0.0,0.0,0.0,0.0,0.0,0.0,0.0,0.0,true
55.507163137197495,0.0,0.0,0.0,0.0,0.0,0.0,0.0,0.0,0.0,true
55.60716313868761,0.0,0.0,0.0,0.0,0.0,0.0,0.0,0.0,0.0,true
55.70716314017773,0.0,0.0,0.0,0.0,0.0,0.0,0.0,0.0,0.0,true
55.80716314166784,0.0,0.0,0.0,0.0,0.0,0.0,0.0,0.0,0.0,true
55.90716314315796,0.0,0.0,0.0,0.0,0.0,0.0,0.0,0.0,0.0,true
56.007163144648075,0.0,0.0,0.0,0.0,0.0,0.0,0.0,0.0,0.0,true
56.10716314613819,0.0,0.0,0.0,0.0,0.0,0.0,0.0,0.0,0.0,true
56.20716314762831,0.0,0.0,0.0,0.0,0.0,0.0,0.0,0.0,0.0,true
56.30716314911842,0.0,0.0,0.0,0.0,0.0,0.0,0.0,0.0,0.0,true
56.40716315060854,0.0,0.0,0.0,0.0,0.0,0.0,0.0,0.0,0.0,true
56.507163152098656,0.0,0.0,0.0,0.0,0.0,0.0,0.0,0.0,0.0,true
56.60716315358877,0.0,0.0,0.0,0.0,0.0,0.0,0.0,0.0,0.0,true
56.70716315507889,0.0,0.0,0.0,0.0,0.0,0.0,0.0,0.0,0.0,true
56.807163156569004,0.0,0.0,0.0,0.0,0.0,0.0,0.0,0.0,0.0,true
56.90716315805912,0.0,0.0,0.0,0.0,0.0,0.0,0.0,0.0,0.0,true
57.007163159549236,0.0,0.0,0.0,0.0,0.0,0.0,0.0,0.0,0.0,true
57.10716316103935,0.0,0.0,0.0,0.0,0.0,0.0,0.0,0.0,0.0,true
57.20716316252947,0.0,0.0,0.0,0.0,0.0,0.0,0.0,0.0,0.0,true
57.307163164019585,0.0,0.0,0.0,0.0,0.0,0.0,0.0,0.0,0.0,true
57.4071631655097,0.0,0.0,0.0,0.0,0.0,0.0,0.0,0.0,0.0,true
57.50716316699982,0.0,0.0,0.0,0.0,0.0,0.0,0.0,0.0,0.0,true
57.60716316848993,0.0,0.0,0.0,0.0,0.0,0.0,0.0,0.0,0.0,true
57.70716316998005,0.0,0.0,0.0,0.0,0.0,0.0,0.0,0.0,0.0,true
57.807163171470165,0.0,0.0,0.0,0.0,0.0,0.0,0.0,0.0,0.0,true
57.90716317296028,0.0,0.0,0.0,0.0,0.0,0.0,0.0,0.0,0.0,true
58.0071631744504,0.0,0.0,0.0,0.0,0.0,0.0,0.0,0.0,0.0,true
58.107163175940514,0.0,0.0,0.0,0.0,0.0,0.0,0.0,0.0,0.0,true
58.20716317743063,0.0,0.0,0.0,0.0,0.0,0.0,0.0,0.0,0.0,true
58.307163178920746,0.0,0.0,0.0,0.0,0.0,0.0,0.0,0.0,0.0,true
58.40716318041086,0.0,0.0,0.0,0.0,0.0,0.0,0.0,0.0,0.0,true
58.50716318190098,0.0,0.0,0.0,0.0,0.0,0.0,0.0,0.0,0.0,true
58.607163183391094,0.0,0.0,0.0,0.0,0.0,0.0,0.0,0.0,0.0,true
58.70716318488121,0.0,0.0,0.0,0.0,0.0,0.0,0.0,0.0,0.0,true
58.807163186371326,0.0,0.0,0.0,0.0,0.0,0.0,0.0,0.0,0.0,true
58.90716318786144,0.0,0.0,0.0,0.0,0.0,0.0,0.0,0.0,0.0,true
59.00716318935156,0.0,0.0,0.0,0.0,0.0,0.0,0.0,0.0,0.0,true
59.107163190841675,0.0,0.0,0.0,0.0,0.0,0.0,0.0,0.0,0.0,true
59.20716319233179,0.0,0.0,0.0,0.0,0.0,0.0,0.0,0.0,0.0,true
59.30716319382191,0.0,0.0,0.0,0.0,0.0,0.0,0.0,0.0,0.0,true
59.40716319531202,0.0,0.0,0.0,0.0,0.0,0.0,0.0,0.0,0.0,true
59.50716319680214,0.0,0.0,0.0,0.0,0.0,0.0,0.0,0.0,0.0,true
59.607163198292255,0.0,0.0,0.0,0.0,0.0,0.0,0.0,0.0,0.0,true
59.70716319978237,0.0,0.0,0.0,0.0,0.0,0.0,0.0,0.0,0.0,true
59.80716320127249,0.0,0.0,0.0,0.0,0.0,0.0,0.0,0.0,0.0,true
59.907163202762604,0.0,0.0,0.0,0.0,0.0,0.0,0.0,0.0,0.0,true
60.00716320425272,0.0,0.0,0.0,0.0,0.0,0.0,0.0,0.0,0.0,true
60.107163205742836,0.0,0.0,0.0,0.0,0.0,0.0,0.0,0.0,0.0,true
60.20716320723295,0.0,0.0,0.0,0.0,0.0,0.0,0.0,0.0,0.0,true
60.30716320872307,0.0,0.0,0.0,0.0,0.0,0.0,0.0,0.0,0.0,true
60.407163210213184,0.0,0.0,0.0,0.0,0.0,0.0,0.0,0.0,0.0,true
60.5071632117033,0.0,0.0,0.0,0.0,0.0,0.0,0.0,0.0,0.0,true
60.60716321319342,0.0,0.0,0.0,0.0,0.0,0.0,0.0,0.0,0.0,true
60.70716321468353,0.0,0.0,0.0,0.0,0.0,0.0,0.0,0.0,0.0,true
60.80716321617365,0.0,0.0,0.0,0.0,0.0,0.0,0.0,0.0,0.0,true
60.907163217663765,0.0,0.0,0.0,0.0,0.0,0.0,0.0,0.0,0.0,true
61.00716321915388,0.0,0.0,0.0,0.0,0.0,0.0,0.0,0.0,0.0,true
61.107163220644,0.0,0.0,0.0,0.0,0.0,0.0,0.0,0.0,0.0,true
61.20716322213411,0.0,0.0,0.0,0.0,0.0,0.0,0.0,0.0,0.0,true
61.30716322362423,0.0,0.0,0.0,0.0,0.0,0.0,0.0,0.0,0.0,true
61.407163225114346,0.0,0.0,0.0,0.0,0.0,0.0,0.0,0.0,0.0,true
61.50716322660446,0.0,0.0,0.0,0.0,0.0,0.0,0.0,0.0,0.0,true
61.60716322809458,0.0,0.0,0.0,0.0010560261825117432,2.5928217965500486e-05,1.828728668720312e-05,0.0031682698922621683,6.929633031236475e-05,4.8847763990218665e-05,true
61.707163229584694,2.9006757396495016e-10,1.0794362882410902e-12,7.613311832653057e-13,0.0010562911831871087,1.066454873938279e-05,7.52175334346287e-06,0.003168898613569198,2.9248232356935445e-05,2.0617699856719387e-05,true
61.80716323107481,0.002075430786953105,2.6371155081420516e-05,1.8599692192047705e-05,0.005207114468072226,6.665468270159399e-05,4.697075937807502e-05,0.009395046059521125,0.00012123141525501448,8.532522927389382e-05,true
61.907163232564926,0.002242426536373868,2.112516503837602e-05,1.4899672236838417e-05,0.005541154292101511,5.181109244098935e-05,3.650792672255695e-05,0.009896185386315268,9.182522958122729e-05,6.461793584393827e-05,true
62.00716323405504,0.008224511817967715,0.00010881896162067121,7.675049441534404e-05,0.017505247399355953,0.00023372819495615479,0.0001643471392285359,0.02784219859131045,0.000375296138228716,0.00026299742849968653,true
62.10716323554516,0.020738071025917706,6.96926927229013e-05,4.9154564093940406e-05,0.042532482549869424,0.00014233010904468515,9.963046573664325e-05,0.06538323435142622,0.00021797425432683613,0.00015137689741896376,true
62.207163237035275,0.030719694239148748,0.00012114552720661888,8.544447558438449e-05,0.06249570809190894,0.0002506001955359429,0.00017483446344980383,0.09532803947635754,0.00038873918856662773,0.00026821589941946076,true
62.30716323852539,0.04377650829419133,6.853826190742825e-05,4.834033893927735e-05,0.08860936393859992,0.00013598953906032214,9.438546194434099e-05,0.1344985666948042,0.00020240814214690393,0.00013817592954125385,true
62.40716324001551,0.06836491793068973,0.00011784696012357623,8.311798164697485e-05,0.13778618746619292,0.00023233437286737763,0.00015979674302507612,0.2082638079948242,0.0003436122453003217,0.00023033831232282284,true
62.50716324150562,0.08832057904143902,-9.833509623963814e-05,-6.935617784225381e-05,0.17769745661435693,-0.00023246682588874592,-0.00015958781089743103,0.2681306178746704,-0.0004033223546043111,-0.0002699139939930896,true
62.60716324299574,0.10404445440469248,-0.000324189218070875,-0.00022865208783922936,0.20914505715288587,-0.0007080966645536251,-0.00048247419553916737,0.3153017694856999,-0.0011538866736802206,-0.0007607676302793129,true
62.707163244485855,0.11792960670000606,-6.316360595144988e-05,-4.4549570347203646e-05,0.23691553483954575,-0.00016062255763549092,-0.00010954914160188944,0.3569577737095132,-0.00029357035809869734,-0.00019404268927788077,true
62.80716324597597,0.1309431137243992,-0.00029798994027830056,-0.00021017362145839356,0.2629424728616878,-0.0006380733639059348,-0.00043046884988397124,0.3959980606506491,-0.0010219928993496629,-0.0006608517531607736,true
62.90716324746609,0.14349921268047428,-0.0004605675990807838,-0.0003248403625129177,0.28805473254933944,-0.0009343324587632219,-0.0006258694849094683,0.4336665581388399,-0.0014215373490365454,-0.000905219971849855,true
63.0071632489562,0.15577719433743675,-0.0007655760089566864,-0.0005399641415875249,0.3115709469962761,-0.0015475691093303733,-0.0010321749010367138,0.46737836731466603,-0.0023454728772454533,-0.001481512258921078,true
63.10716325044632,0.16731611980594424,-0.0006344578612758433,-0.0004474859327216063,0.32225126768779366,-0.00123846523026898,-0.0008245952860607142,0.46480387738925355,-0.002118766282834301,-0.0013625680342459166,true
63.207163251936436,0.1691806101782489,-0.0008751909970786096,-0.0006172760770112088,0.3259798579457951,-0.0017831231007101008,-0.0011893791800073124,0.47039811904427853,-0.0026526760091456227,-0.0016815295021906072,true
63.30716325342655,0.15439247927502914,-0.00068129944492888,-0.00048052350862772794,0.2964037640704713,-0.0013762046901729182,-0.0009225133887843266,0.4260340550449759,-0.002039408682492189,-0.0013059295998971675,true
63.40716325491667,0.1283927305443972,-0.00041589125170906336,-0.0002933299373224622,0.24440441332156654,-0.0008257077570225797,-0.0005583740195771844,0.3480350751810997,-0.001219254809936979,-0.0007951322467641667,true
63.507163256406784,0.09927643915244933,-0.00017135851468661818,-0.00012085991750521003,0.19856235533046213,-0.0003436958134372439,-0.00023394674215945017,0.2978577473704478,-0.0005176719341895353,-0.00034026876139242455,true
63.6071632578969,0.07271261383179788,-0.00021193694456233446,-0.00014948006338030153,0.1464815359295709,-0.00043756158901650803,-0.00030083674028483036,0.2213067619950248,-0.000677752699044462,-0.00045436805661062377,true
63.707163259387016,0.04551187466529622,-0.0005724614801696772,-0.0004037596112148179,0.09207961510387364,-0.0011888209493429198,-0.0008252193774201208,0.13970317090544068,-0.001851323296740589,-0.0012647666744017932,true
63.80716326087713,0.04594069256999858,-0.00035556775805788273,-0.00025078351072883176,0.09293773434639457,-0.0007145763800124527,-0.0004956810935857779,0.14099112184030796,-0.0010774277342697198,-0.0007348019704152473,true
63.90716326236725,0.06054801220292866,-3.6036910996683064e-05,-2.5416992544356114e-05,0.1221523599926957,-8.514693459900927e-05,-5.895014544071287e-05,0.18481304077618887,-0.00014749514613279853,-0.00010031932129743305,true
64.00716326385736,0.07405268262271168,-0.0003251373173012722,-0.00022932078641532363,0.1491616970472146,-0.0006554710410006021,-0.0004501584108158854,0.22532704055831637,-0.0009916160400299785,-0.0006630605418117288,true
64.10716326534748,0.08874164249016446,0.0006649214040727842,0.00046897200405041106,0.1785397268842684,0.001320572708124853,0.0009017033806793077,0.26939423967339526,0.0019683995616349196,0.0013008371116274059,true
64.2071632668376,0.10356686084145472,0.0006665293623632313,0.00047010610413694985,0.20819026808198496,0.001304128667240511,0.0008851178977824188,0.3138702035796223,0.0019138707399007884,0.0012491979030596668,true
64.30716326832771,0.11768125928887177,0.0009436301817842799,0.0006655465363623429,0.2364192103603905,0.001846926735624997,0.0012469083222959743,0.35621382517452693,0.0027110457045479894,0.0017510214345712659,true
64.40716326981783,0.13081060808446587,0.0006940727026451316,0.0004895325437298484,0.26267798403763554,0.0013055902823058498,0.0008753087661412394,0.3956020748599387,0.0018332937129506358,0.0011654382927725074,true
64.50716327130795,0.14341986619091782,0.0006526725569198216,0.00046033283803553087,0.2878964619396367,0.0012164432387550875,0.0008110548427223833,0.43342973471961777,0.0016890471346635548,0.0010611334226216145,true
64.60716327279806,0.1557332262714012,0.0005243940582539415,0.00036985744616601203,0.312523178295253,0.0009209817845085625,0.000608671948784412,0.47036975564174544,0.0011849288322199468,0.0007270715572753167,true
64.70716327428818,0.1678343044283976,0.00024821027495383006,0.00017506380356836784,0.3364099523756484,0.00031692143445748736,0.0002027115001202008,0.5056046250732884,0.0001991998142925577,9.549159965542931e-05,true
64.8071632757783,0.1793018877930894,0.0002336161270591725,0.00016477048657835493,0.3586039138279544,0.0003043441484620947,0.0001938179824847651,0.5379059270213342,0.00020632648943469774,0.0001001749889461441,true
64.90716327726841,0.18636708357055887,0.002125005016525677,0.0014987754268595275,0.36036513912848034,0.002349670507561208,0.0014733007667490719,0.5343629176059094,0.0027329425257573894,0.0015628184510405015,true
65.00716327875853,0.1834221170554905,0.0018394883633096682,0.0012973992698756852,0.354472336108114,0.0020455539220589768,0.0012862166812086706,0.5255222865237715,0.0024121105562507324,0.0013895784033517346,true
