40.01591387530789,154.87670583475187,54.730838506314264,0.6982264393843373,-0.7158769722128728,155.0077063828283,54.59652638287496,0.6982264393843373,-0.7158769722128728,true
40.115913876798,155.05160090528005,54.4854517777801,0.6784223120448494,-0.7346721490023431,155.17888582273966,54.34761332201975,0.6784223120448494,-0.7346721490023431,true
40.21591387828812,155.21145701467128,54.24788414907824,0.6591641932294444,-0.7519990467840871,155.33512874308872,54.106794838039654,0.6591641932294444,-0.7519990467840871,true
40.31591387977824,155.3581501291553,54.017241497815895,0.6403714648682451,-0.7680653533277607,155.47829598462334,53.87313784236973,0.6403714648682451,-0.7680653533277607,true
40.41591388126835,155.49725961271162,53.786459025028655,0.6215595992026075,-0.7833668774202123,155.61387600470832,53.639484512895535,0.6215595992026075,-0.7833668774202123,true
40.51591388275847,155.63597903944955,53.54379743462499,0.6018083442204072,-0.7986405429394954,155.74888972068837,53.39395729260262,0.6018083442204072,-0.7986405429394954,true
40.615913884248585,155.77738672418548,53.28295410595456,0.5808117947554684,-0.814037873242352,155.88635805375773,53.13022513217961,0.5808117947554684,-0.814037873242352,true
40.7159138857387,155.9199666644061,53.00437112042342,0.5586002592863952,-0.8294370080513481,156.02477068784967,52.84875297633624,0.5586002592863952,-0.8294370080513481,true
40.81591388722882,156.05626592909056,52.71739954926742,0.5351977484801322,-0.8447268020027523,156.15667919680064,52.55891274929065,0.5351977484801322,-0.8447268020027523,true
40.91591388871893,156.18048387671283,52.43401235601854,0.5116417956734453,-0.8591988552832531,156.2764776000544,52.272810323841156,0.5116417956734453,-0.8591988552832531,true
41.01591389020905,156.2921108462218,52.160007526704035,0.48895083755430174,-0.8723113426150934,156.38384731463526,51.99634534273316,0.48895083755430174,-0.8723113426150934,true
41.115913891699165,156.3915168629909,51.89771736644942,0.467334681165399,-0.8840804803749684,156.4791977297048,51.73184706859175,0.467334681165399,-0.8840804803749684,true
41.21591389318928,156.48044491236888,51.645562005858444,0.44665815559442673,-0.8947046954392186,156.56424646998,51.47769840336807,0.44665815559442673,-0.8947046954392186,true
41.3159138946794,156.5626230204625,51.39533079946528,0.4262590232108632,-0.9046011525149196,156.64259731320394,51.225610433570075,0.4262590232108632,-0.9046011525149196,true
41.41591389616951,156.64254826219792,51.133789035017294,0.40516227046223163,-0.9142447892079503,156.71856440323268,50.96225933962528,0.40516227046223163,-0.9142447892079503,true
41.51591389765963,156.7214131509996,50.85396694253668,0.382692891228545,-0.9238756144650302,156.79321360951576,50.68063032131668,0.382692891228545,-0.9238756144650302,true
41.61591389914975,156.7969707425178,50.556745347362586,0.3585643449131645,-0.9335050136753381,156.86424422724247,50.38160206786807,0.3585643449131645,-0.9335050136753381,true
41.71591390063986,156.86663315105835,50.25340544041545,0.3343330526550572,-0.9424549909159327,156.92936038490026,50.076582975118654,0.3343330526550572,-0.9424549909159327,true
41.81591390212998,156.92782523471803,49.956615863738115,0.3110850969300046,-0.9503820613143167,156.98619071029665,49.77830612940043,0.3110850969300046,-0.9503820613143167,true
41.915913903620094,156.97972476260148,49.67179446667516,0.28890549025352,-0.9573576226788886,157.03392892249963,49.492175984472375,0.28890549025352,-0.9573576226788886,true
42.01591390511021,157.02369727698382,49.40018078793735,0.2682323260811687,-0.963354254282964,157.07402275844143,49.21943722369465,0.2682323260811687,-0.963354254282964,true
42.115913906600326,157.06274747415046,49.135665436787484,0.24921176650429022,-0.968449015403398,157.10950433719324,48.95396599854539,0.24921176650429022,-0.968449015403398,true
42.21591390809044,157.10002101903402,48.86342584972653,0.23101635005285834,-0.9729498681886212,157.1433640761921,48.68088196597448,0.23101635005285834,-0.9729498681886212,true
42.31591390958056,157.13590477687086,48.57450079012936,0.2126812329871444,-0.9771216368165573,157.17580781765437,48.39117420330867,0.2126812329871444,-0.9771216368165573,true
42.41591391107068,157.1696257474446,48.265005653305614,0.1936983478186365,-0.9810611347170626,157.20596723824823,48.08093994181848,0.1936983478186365,-0.9810611347170626,true
42.51591391256079,157.2012877214208,47.93345842342146,0.1744912804438466,-0.984658719074313,157.23402560140264,47.74871773674581,0.1744912804438466,-0.984658719074313,true
42.61591391405091,157.22886285908965,47.58680731485736,0.1551442209853766,-0.9878918314749042,157.25797086307455,47.40146003485814,0.1551442209853766,-0.9878918314749042,true
42.71591391554102,157.2518951217454,47.24125266839606,0.13719167318017944,-0.9905445193478296,157.27763488661878,47.05540769374418,0.13719167318017944,-0.9905445193478296,true
42.81591391703114,157.27072929793223,46.907383495566904,0.12134668497374293,-0.9926101863500512,157.25255983644848,46.720646352050984,0.09281026924131583,-0.995683812223215,true
42.915913918521255,157.28508480423076,46.58880988381207,0.10694561359946747,-0.99426487201944,157.26368301962668,46.4024155338042,0.07800343083176044,-0.9969530905606716,true
43.01591392001137,157.29684884463768,46.2810474044892,0.09429682219931118,-0.995544127260621,157.27248681730939,46.09501681097418,0.06491285877989633,-0.9978909363076814,true
43.11591392150149,157.30736899605833,45.96883954261216,0.08279889455404967,-0.9965662763010935,157.28025985961676,45.783189374768206,0.05297277061333599,-0.998595957118567,true
43.2159139229916,157.2903685610721,45.642436307383065,0.053407504332950474,-0.9985728007916728,157.26110075962174,45.44458940748756,0.025364352067631647,-0.9996782730679852,true
43.31591392448172,157.29678161871425,45.297378438166064,0.04156674715209613,-0.9991357292836613,157.26136630618305,45.100539022300445,0.01085074260965522,-0.9999411289595098,true
43.41591392597184,157.303259629293,44.931317145895875,0.030808552881614173,-0.9995253038664608,157.26189115507552,44.735642289716246,-0.0026019844889248237,-0.99999661483263,true
43.51591392746195,157.31065000947274,44.54337210002031,0.021673165534093066,-0.9997651093610598,157.2646063687163,44.34874429330736,-0.013766973257631824,-0.9999052307330548,true
43.61591392895207,157.31743874831943,44.14213407569426,0.013385993787150314,-0.9999104035714051,157.26685568539264,43.94863639161266,-0.024111381309783804,-0.9997092783861388,true
43.71591393044218,157.32332205691284,43.74514267822607,0.006128297293478849,-0.9999812218098312,157.26839618427942,43.55283264594627,-0.033435389252195254,-0.9994408810657858,true
43.8159139319323,157.35358029216746,43.35773105692289,0.017501146875799616,-0.9998468432005132,157.29804827997015,43.17851865299835,-0.02386880017980885,-0.9997150996048706,true
43.91591393342242,157.3657575259816,42.99045986725061,0.01740701826198618,-0.9998484863794248,157.35026399248812,42.80348168531757,0.004186305981225168,-0.999991237382724,true
44.01591393491253,157.3790933583262,42.64265568995915,0.018965281267885582,-0.999820142878923,157.36789063352933,42.455371443274544,0.0085612339477994,-0.9999633519651063,true
44.11591393640265,157.39087885244814,42.326937288893866,0.0204982566778643,-0.9997898886631973,157.38397528574373,42.139445340091115,0.01292057296043159,-0.9999165259132256,true
44.215913937892765,157.40149522722277,42.063181195109294,0.022540801128882442,-0.9997459238648929,157.39899735621202,41.875578821085114,0.01779793244780729,-0.9998416042556857,true
44.31591393938288,157.41067100440657,41.859042544816134,0.02492348051404575,-0.9996893618114909,157.41265166290034,41.671433997326886,0.023022657190454203,-0.9997349435004714,true
44.415913940873,157.41828072135283,41.720063631350705,0.027756065358512164,-0.9996147261999565,157.42259072203404,41.53249414024614,0.027123045604190554,-0.9996321025243002,true
44.51591394236311,157.4201648818098,41.6826257888885,0.028337531607630344,-0.9995984115145374,157.42548154122332,41.49508213201956,0.028337531607630344,-0.9995984115145374,true
44.61591394385323,157.420164868583,41.68232919580113,0.028337465473552897,-0.9995984133893647,157.4254815155885,41.49478553858044,0.028337465473552897,-0.9995984133893647,true
44.71591394534335,157.42016485535623,41.681935327933495,0.028337399339783846,-0.9995984152641788,157.4254814899538,41.49439167036105,0.028337399339783846,-0.9995984152641788,true
44.81591394683346,157.4201801097364,41.681674974720124,0.02833737729526279,-0.9995984158891139,157.425496740198,41.49413131703043,0.02833737729526279,-0.9995984158891139,true
44.91591394832358,157.4201801097364,41.6815862830087,0.02833737729526279,-0.9995984158891139,157.425496740198,41.494042625319004,0.02833737729526279,-0.9995984158891139,true
45.015913949813694,157.42022588169468,41.679492014084886,0.028337355250776127,-0.9995984165140476,157.42554250802033,41.49194835627794,0.028337355250776127,-0.9995984165140476,true
45.11591395130381,157.42020657913167,41.67515892539471,0.028240842435642958,-0.9996011478677509,157.4255050978192,41.48761475513391,0.028240842435642958,-0.9996011478677509,true
45.215913952793926,157.42018761689084,41.66422905660021,0.02776456150504494,-0.9996144902533339,157.42539677622526,41.47668238305434,0.02776456150504494,-0.9996144902533339,true
45.31591395428404,157.4193111748906,41.62823891778246,0.026643917665863232,-0.9996449878088794,157.42431008014574,41.44068652231564,0.026643917665863232,-0.9996449878088794,true
45.41591395577416,157.41805102126264,41.56734144669224,0.026351297719483645,-0.9996527442609754,157.42299502545535,41.379787595967606,0.026351297719483645,-0.9996527442609754,true
45.515913957264274,157.42065546929297,41.48171359056239,0.027185580107387364,-0.999630403816443,157.4257560007151,41.29416393132968,0.027185580107387364,-0.999630403816443,true
45.61591395875439,157.4252082087893,41.35887305519537,0.02811013574329076,-0.9996048320553946,157.4304822044176,41.171328193710956,0.02811013574329076,-0.9996048320553946,true
45.71591396024451,157.40589210784188,41.193882904207705,0.011016200024934187,-0.9999393198274636,157.37164253390281,40.99683730876088,-0.014668960883431928,-0.9998924050049587,true
45.81591396173462,157.43370219396394,40.99272029371644,0.026407532056793553,-0.999651260315651,157.3948516177754,40.80916778670846,-0.004400040092240535,-0.99999031977674,true
45.91591396322474,157.41476767636868,40.76514042417216,0.008200959170237328,-0.9999663715689083,157.37477922255232,40.56917888824897,-0.02113393543211879,-0.9997766534447337,true
46.015913964714855,157.41886876787012,40.50990436730015,0.005550560013455043,-0.9999845955231196,157.37424317187364,40.31494653549553,-0.026683616763092236,-0.9996439289049078,true
46.11591396620497,157.42338980401297,40.22933910069544,0.0026132982602491716,-0.9999965853302715,157.37406124929467,40.0355178075169,-0.03252973349424095,-0.9994707681762351,true
46.21591396769509,157.42791766066713,39.92412628655287,-0.0007892405997817541,-0.9999996885495893,157.37382512819585,39.73158019354955,-0.038823989351929336,-0.9992460647161946,true
46.3159139691852,157.43354268999067,39.59473003644439,-0.003925012134368142,-0.9999922971102053,157.37705305546794,39.40287352445825,-0.04322251301882471,-0.9990654705114863,true
46.41591397067532,157.4443112093735,39.240504447600415,-0.003981073242279975,-0.9999920754965209,157.3853682683073,39.04938739001929,-0.04500163648046066,-0.9989869131845924,true
46.51591397216544,157.4522654304195,38.86337169694773,-0.006494033903163266,-0.9999789135395128,157.39193284559465,38.67268876848177,-0.04815401201129726,-0.9988399226739066,true
46.61591397365555,157.4640492172517,38.462352340370714,-0.00677793974476721,-0.9999770295025863,157.40349293625798,38.271740334368445,-0.04855729856613943,-0.998820398648305,true
46.71591397514567,157.4761633292824,38.04604508598246,-0.007108605659730325,-0.9999747335435903,157.415360166144,37.85551168903493,-0.04901738808996187,-0.9987979253406757,true
46.81591397663578,157.48817286150933,37.63090002666734,-0.007429537183328986,-0.9999724006077575,157.42711473755176,37.440448181050705,-0.049474791677784145,-0.9987753726381322,true
46.9159139781259,157.4996865165708,37.22737858951835,-0.007801537113696735,-0.9999695675462646,157.43836121715592,37.03701260607678,-0.04998498563450877,-0.998749969317205,true
47.015913979616016,157.51059123314633,36.83966808254686,-0.008196739062134844,-0.9999664061701009,157.44899278513003,36.64939030874765,-0.050519481553809094,-0.9987230757239638,true
47.11591398110613,157.5211415697428,36.46942065973143,-0.00843577282615114,-0.9999644182353818,157.45930332855224,36.27922068095526,-0.050895457719956454,-0.9987039863660684,true
47.21591398259625,157.53189141275195,36.11131836903802,-0.008329793911654818,-0.9999653066648809,157.46986939663464,35.92117823777493,-0.05093364556752279,-0.9987020395239022,true
47.315913984086365,157.54324834823714,35.75024545758774,-0.00796528125002357,-0.9999682766441184,157.48108510481057,35.56015145145737,-0.050718277238141415,-0.9987129999924879,true
47.41591398557648,157.5555463965199,35.37619820403843,-0.007405166388683625,-0.9999725813794876,157.4932702715113,35.18614114877893,-0.050313755306525494,-0.9987334609528986,true
47.5159139870666,157.5686485920436,34.98463983858034,-0.006845458050597574,-0.9999765695775464,157.50625399402006,34.79462164435284,-0.04991348453259309,-0.9987535452061307,true
47.61591398855671,157.58245480113837,34.57718995496086,-0.006362180178898379,-0.9999797611268796,157.51992348066295,34.387216709582454,-0.04959213495594742,-0.9987695530754385,true
47.71591399004683,157.59624592231555,34.16549299436944,-0.006120776309087708,-0.9999812678732408,157.53353591921288,33.97557865707269,-0.04950951749640635,-0.9987736518737732,true
47.81591399153695,157.6097114598843,33.76345395330839,-0.0059851315057974875,-0.9999820889400262,157.5468046336373,33.573604720464196,-0.04953114180691913,-0.9987725797153739,true
47.91591399302706,157.6224784817696,33.37722672733336,-0.006030031556322788,-0.9999818191944441,157.55935235205342,33.18745030164498,-0.04972476217958153,-0.9987629588777229,true
48.01591399451718,157.63437844814032,33.00936168492236,-0.0062398238243306075,-0.9999805321098213,157.57101086377463,32.81966574597886,-0.05007663138726316,-0.9987453784568439,true
48.11591399600729,157.6456447035537,32.65493102773212,-0.006546833181525991,-0.9999785692580083,157.58202659534723,32.46531895979279,-0.05051900189557614,-0.9987230999869157,true
48.21591399749741,157.65669341969578,32.29849482260716,-0.00699918405650879,-0.9999755054112791,157.59280052192295,32.108975172928844,-0.05110423569637748,-0.9986933248469668,true
48.315913998987526,157.66779729785657,31.929454980328696,-0.007584814037416054,-0.999971234884293,157.60360665808923,31.740035969228277,-0.05182098825956436,-0.9986563899439096,true
48.41591400047764,157.67909191360644,31.5428367375645,-0.008286113394525733,-0.9999656695731174,157.6145788328408,31.353527301956742,-0.05265527647833543,-0.9986127486964054,true
48.51591400196776,157.69058213127312,31.136454637491482,-0.009113083334834536,-0.9999584749939031,157.6257192506352,30.94726476800754,-0.05361764482665687,-0.9985615394973123,true
48.615914003457874,157.70195026346354,30.718058127314674,-0.010071947298759511,-0.9999492766523765,157.6367131310505,30.528996982299304,-0.05471143912844408,-0.9985022075230954,true
48.71591400494799,157.7129634635046,30.304966901652364,-0.01093141564169144,-0.9999402502910204,157.64736826255756,30.11602969088456,-0.055707898778605235,-0.9984471092720298,true
48.815914006438106,157.72370103618127,29.90653376599256,-0.011530638141073806,-0.9999335199822335,157.65779316800587,29.71770539706306,-0.05644722720476307,-0.9984055841895586,true
48.91591400792822,157.7338122620672,29.526738188769023,-0.012076638577452432,-0.9999270747412882,157.6676072386843,29.33801380009902,-0.057129601218392514,-0.9983667706131988,true
49.01591400941834,157.74327263976892,29.165613046272355,-0.012589354447302135,-0.9999207509370931,157.67678155652467,28.97698925177917,-0.05777538219753082,-0.9983296075004133,true
49.115914010908455,157.75220191755272,28.816031342836176,-0.013153889000648516,-0.999913483859558,157.68542344119749,28.627509102515116,-0.05846697179715666,-0.9982893434314876,true
49.21591401239857,157.76103466097976,28.462563763754098,-0.013746172043865648,-0.9999055169135435,157.69396422725876,28.274145195347273,-0.05918583734189619,-0.9982469817926517,true
49.31591401388869,157.77000054328334,28.095542438439562,-0.014397918697202916,-0.999896344596373,157.70262505502353,27.90723273719783,-0.05996545474415409,-0.9982004529338417,true
49.4159140153788,157.77922786908027,27.710498683539697,-0.015050920682521231,-0.9998867284780854,157.71154012414178,27.522300997089673,-0.06075130642238509,-0.9981529335567638,true
49.51591401686892,157.78844720730197,27.30654611030494,-0.01589256561792745,-0.9998737052038522,157.72041074199862,27.11847421078503,-0.061726212932446047,-0.9980931192213572,true
49.61591401835904,157.7973648076586,26.892716449186768,-0.01688788935501705,-0.9998573894276787,157.72894992219557,26.704781876936,-0.06285516222506263,-0.998022659352813,true
49.71591401984915,157.8064686277185,26.48623551083011,-0.017447755222663303,-0.9998477763328226,157.73774527642118,26.298413518011202,-0.06355794246774298,-0.9979781500359951,true
49.81591402133927,157.8458466915371,26.098926950903206,0.003738685655812443,-0.9999930110903611,157.7785401312008,25.92379637951491,-0.04418000712594929,-0.9990235867938009,true
49.91591402282938,157.8574077908765,25.743045328815104,0.005911118926131318,-0.9999825291839058,157.83724633380692,25.556512742525396,-0.009086118086675744,-0.9999587203770539,true
50.0159140243195,157.86912864761837,25.408291294158328,0.008678336654350987,-0.9999623425274142,157.85397181719566,25.22128551726726,-0.0031559639654217086,-0.999995019933324,true
50.115914025809616,157.87993326250074,25.093663801157746,0.011318743699921158,-0.999935940968748,157.8697832326395,24.906319553867068,0.002664980834532455,-0.9999964489322708,true
50.21591402729973,157.89015119358757,24.798137675067007,0.014004617136384538,-0.9999019305406223,157.88503864108839,24.61058834314061,0.00854689669887512,-0.9999634746113574,true
50.31591402878985,157.9003346491275,24.521614795433557,0.01704825905484145,-0.9998546678708856,157.90034380226197,24.333995793156827,0.014799028811807667,-0.9998904883767158,true
50.41591403027997,157.9103105587532,24.27641592558066,0.020418997527298022,-0.9997915105360619,157.91307460132518,24.088817284413526,0.01966651141053944,-0.9998065954618118,true
50.51591403177008,157.9154688315152,24.082676675294476,0.021165110945150167,-0.9997759939499845,157.91943980851852,23.895099700586133,0.021165110945150167,-0.9997759939499845,true
50.6159140332602,157.91787591372378,23.968528535515176,0.02116515211503235,-0.9997759930784234,157.92184689845135,23.780951560970355,0.02116515211503235,-0.9997759930784234,true
50.71591403475031,157.91842492603016,23.932877953360478,0.021087337670351588,-0.9997776373724192,157.92238131128926,23.745300670314858,0.021087337670351588,-0.9997776373724192,true
50.81591403624043,157.91884650952892,23.89166869163769,0.02062033450981516,-0.9997873782983576,157.92271527612087,23.704089581009264,0.02062033450981516,-0.9997873782983576,true
0.0,0.0,36.0,0.0,0.0,0.0,0.0,0.0,0.0,false
0.0,30.666666666666668,18.666666666666668,0.0,0.0,0.0,0.0,0.0,-2.0,false
0.0,-1.0,0.0,0.0,79.0,0.0,37.0,0.0,0.0,false
0.0,0.0,-37.0,0.0,80.0,0.0,0.0,0.0,0.0,false
0.0,0.0,0.0,0.0,80.0,0.0,-38.0,0.0,0.0,false
